

TREE # 1

  0  0.0000  11144.770968  x:  0.01378   0.01159   0.00151   0.17032   0.14775   0.21438   0.05687   0.04767   0.05001   0.03279   0.02145   0.04418   0.03752   0.02740   2.00000   0.57321   0.49224  
  1 99.0000  11128.915982  x:  0.01253   0.01376   0.02459   0.17322   0.14855   0.21546   0.05659   0.05269   0.05118   0.03177   0.02754   0.04574   0.03624   0.02615   2.00030   0.57394   0.48979  
  2 2676.3378  11115.910542  x:  0.00762   0.00848   0.02238   0.18700   0.15405   0.22014   0.04424   0.07063   0.05679   0.02672   0.04200   0.05270   0.03014   0.02124   2.00192   0.57786   0.47636  
  3 776.8918  11109.765335  x:  0.01368   0.01764   0.02094   0.20148   0.15951   0.22526   0.03709   0.07988   0.05972   0.02662   0.04234   0.05527   0.02986   0.02730   2.00404   0.58308   0.45829  
  4 762.5876  11089.070744  x:  0.01002   0.01450   0.02341   0.25235   0.17816   0.24310   0.03215   0.08975   0.06026   0.03726   0.02068   0.05498   0.03677   0.02364   2.01324   0.60592   0.37773  
  5 982.6563  11011.404463  x:  0.01803   0.00165   0.02042   0.38577   0.22254   0.28881   0.05895   0.07109   0.04579   0.04400   0.03632   0.04068   0.04659   0.03165   2.04436   0.68487   0.09198  
  6 2504.0594  11004.154043  x:  0.01564   0.00521   0.01938   0.40059   0.22686   0.29381   0.06243   0.06807   0.04495   0.04357   0.03771   0.04002   0.04664   0.02926   2.04833   0.69422   0.05441  
  7 9271.7173  11001.635145  x:  0.01706   0.00301   0.02022   0.40280   0.22539   0.29420   0.06146   0.06619   0.04779   0.04015   0.03488   0.04286   0.04414   0.03068   2.05022   0.69393   0.03859  
  8 726.1195  11000.650134  x:  0.01703   0.00284   0.02049   0.40676   0.22233   0.29433   0.05878   0.06624   0.04454   0.03860   0.03462   0.03760   0.04303   0.03064   2.05368   0.68417   0.03111  
  9 158.7923  10999.057502  x:  0.01679   0.00310   0.01989   0.41914   0.21629   0.29525   0.05973   0.06297   0.04250   0.04294   0.03797   0.04150   0.04693   0.03041   2.06342   0.65935   0.01974  
 10 247.6042  10998.390626  x:  0.01670   0.00323   0.01920   0.42642   0.21454   0.29639   0.06507   0.06272   0.04761   0.04291   0.03862   0.03975   0.04645   0.03032   2.06954   0.64826   0.01633  
 11 247.5212  10998.091160  x:  0.01680   0.00336   0.01877   0.43022   0.21417   0.29752   0.06957   0.06385   0.04624   0.04016   0.03761   0.04108   0.04483   0.03042   2.07419   0.64382   0.01567  
 12 141.1393  10995.564609  x:  0.01670   0.00279   0.01780   0.42420   0.19102   0.32407   0.07250   0.07017   0.04701   0.03734   0.03759   0.04061   0.05259   0.03031   2.22822   0.64412   0.01483  
 13 39.1644  10993.751213  x:  0.01675   0.00308   0.01794   0.42365   0.18120   0.33978   0.07044   0.06630   0.04661   0.04215   0.03751   0.04131   0.04290   0.03036   2.33673   0.64453   0.01660  
 14 916.2918  10992.595444  x:  0.01607   0.00343   0.01884   0.42516   0.18757   0.33753   0.06557   0.05958   0.04770   0.03655   0.03730   0.04158   0.04454   0.02969   2.40860   0.64330   0.01849  
 15 330.1796  10988.123445  x:  0.01674   0.00345   0.01964   0.41140   0.22113   0.29347   0.06394   0.06509   0.04694   0.04075   0.03662   0.04154   0.04372   0.03035   2.70259   0.63386   0.01238  
 16 657.2155  10988.020377  x:  0.01670   0.00346   0.01964   0.41587   0.21526   0.28726   0.06358   0.06490   0.04692   0.04046   0.03643   0.04150   0.04360   0.03031   2.70637   0.63684   0.01351  
 17 11.9076  10941.642010  x:  0.01430   0.00571   0.02302   0.30391   0.19176   0.27356   0.03207   0.07535   0.05381   0.03318   0.02958   0.04741   0.03793   0.02795   2.56459   0.59870   0.00000  
 18  0.4653  10930.345617  x:  0.01030   0.00757   0.02111   0.24152   0.16965   0.26283   0.04551   0.08047   0.05762   0.02790   0.02955   0.05138   0.03294   0.02484   2.38762   0.59162   0.00000  
 19  0.2702  10928.703242  x:  0.00962   0.00949   0.02011   0.24157   0.16361   0.24937   0.04308   0.07449   0.05805   0.02895   0.03496   0.05200   0.03255   0.02481   2.32703   0.60702   0.00000  
 20  0.0602  10928.400941  x:  0.01032   0.01035   0.01944   0.24275   0.16954   0.25143   0.04491   0.07133   0.05766   0.02817   0.03585   0.05209   0.03213   0.02523   2.34617   0.60232   0.00000  
 21  0.0233  10928.317848  x:  0.01020   0.01103   0.01888   0.24082   0.16606   0.25514   0.04522   0.07027   0.05719   0.02850   0.03544   0.05200   0.03255   0.02509   2.35325   0.60269   0.00000  
 22  0.0081  10928.279925  x:  0.00998   0.01159   0.01837   0.24074   0.16670   0.25244   0.04524   0.07030   0.05682   0.02861   0.03461   0.05190   0.03220   0.02487   2.35539   0.60366   0.00000  
 23  0.0029  10928.271274  x:  0.01015   0.01175   0.01803   0.24165   0.16671   0.25303   0.04537   0.07073   0.05688   0.02864   0.03456   0.05191   0.03245   0.02502   2.34825   0.60309   0.00000  
 24  0.0065  10928.269657  x:  0.01013   0.01181   0.01791   0.24138   0.16688   0.25341   0.04528   0.07084   0.05698   0.02864   0.03465   0.05196   0.03230   0.02500   2.34932   0.60310   0.00000  
 25  0.0013  10928.269418  x:  0.01010   0.01181   0.01786   0.24152   0.16676   0.25335   0.04532   0.07084   0.05702   0.02862   0.03469   0.05199   0.03232   0.02499   2.35078   0.60303   0.00000  
 26  0.0018  10928.269380  x:  0.01010   0.01181   0.01784   0.24144   0.16677   0.25330   0.04533   0.07084   0.05704   0.02863   0.03469   0.05200   0.03233   0.02501   2.35085   0.60307   0.00000  
 27  0.0001  10928.269358  x:  0.01008   0.01179   0.01783   0.24147   0.16673   0.25332   0.04535   0.07083   0.05705   0.02863   0.03468   0.05201   0.03232   0.02503   2.35056   0.60310   0.00000  
 28  0.0002  10928.269347  x:  0.01005   0.01179   0.01782   0.24146   0.16675   0.25333   0.04535   0.07082   0.05704   0.02862   0.03467   0.05200   0.03233   0.02504   2.35051   0.60309   0.00000  
 29  0.0001  10928.269345  x:  0.01004   0.01178   0.01781   0.24146   0.16675   0.25333   0.04535   0.07083   0.05704   0.02862   0.03467   0.05200   0.03233   0.02506   2.35064   0.60308   0.00000  
 30  0.0001  10928.269345  x:  0.01003   0.01178   0.01781   0.24146   0.16675   0.25333   0.04535   0.07083   0.05703   0.02862   0.03467   0.05199   0.03233   0.02507   2.35064   0.60309   0.00000  
 31  0.0000  10928.269345  x:  0.01002   0.01178   0.01781   0.24146   0.16675   0.25333   0.04535   0.07083   0.05703   0.02862   0.03468   0.05199   0.03233   0.02508   2.35063   0.60309   0.00000  
 32  0.0000  10928.269345  x:  0.01002   0.01178   0.01781   0.24146   0.16675   0.25333   0.04535   0.07083   0.05703   0.02862   0.03468   0.05199   0.03233   0.02508   2.35063   0.60309   0.00000  
 33  0.0000  10928.269345  x:  0.01002   0.01178   0.01781   0.24146   0.16675   0.25333   0.04535   0.07083   0.05703   0.02862   0.03468   0.05199   0.03233   0.02508   2.35063   0.60309   0.00000  
 34  0.0000  10928.269345  x:  0.01002   0.01178   0.01781   0.24146   0.16675   0.25333   0.04535   0.07083   0.05703   0.02862   0.03468   0.05199   0.03233   0.02508   2.35063   0.60309   0.00000  
check convergence!
