

TREE # 1

  0  0.0000   1980.972152  x:  0.00000   0.01093   0.04287   0.01800   2.00000   0.86115   0.54492  
  1 99.0000   1980.970774  x:  0.00000   0.01093   0.04287   0.01800   2.00000   0.86115   0.54492  
  2 901.0886   1963.729810  x:  0.00000   0.01006   0.02503   0.00000   2.00001   0.86115   0.54502  
  3 3095.8898   1950.611165  x:  0.00000   0.00631   0.00000   0.00000   2.00766   0.86452   0.47599  
  4 102.7400   1949.560540  x:  0.00000   0.00201   0.00000   0.00000   2.00915   0.74467   0.80185  
  5  3.4239   1949.469646  x:  0.00000   0.00221   0.00000   0.00000   2.21356   0.73514   1.00000  
  6  0.3322   1949.124614  x:  0.00000   0.00182   0.00000   0.00000   6.49708   0.99999   1.00000  
  7  1.7197   1949.124614  x:  0.00000   0.00182   0.00000   0.00000   6.49708   0.99999   1.00000  
  8  0.9276   1949.114663  x:  0.00000   0.00211   0.00000   0.00000   6.49708   0.99999   1.00000  
  9 73.9262   1949.105877  x:  0.00000   0.00210   0.00000   0.00000   6.76713   0.99999   1.00000  
 10  0.0338   1948.917360  x:  0.00000   0.00214   0.00000   0.00000  35.40686   0.99999   1.00000  
 11  3.5800   1948.907520  x:  0.00000   0.00200   0.00000   0.00000  45.97068   0.99999   1.00000  
 12  1.3205   1948.882245  x:  0.00000   0.00224   0.00000   0.00000  132.84899   0.99999   1.00000  
 13 10.8598   1948.879075  x:  0.00000   0.00208   0.00000   0.00000  153.13344   0.99999   1.00000  
 14  9.1923   1948.874114  x:  0.00000   0.00214   0.00000   0.00000  259.26577   0.99999   1.00000  
 15 13.2665   1948.871145  x:  0.00000   0.00204   0.00000   0.00000  534.90331   0.99999   1.00000  
 16 56.4225   1948.869934  x:  0.00000   0.00214   0.00000   0.00000  644.71484   0.99999   1.00000  
 17 61.2080   1948.868964  x:  0.00000   0.00209   0.00000   0.00000  999.00000   0.99999   1.00000  
 18 69.4613   1948.868856  x:  0.00000   0.00212   0.00000   0.00000  999.00000   0.99999   1.00000  