

TREE # 1

  0  0.0000   1892.218054  x:  0.00000   0.01107   0.03998   0.01678   0.04934   0.33385   2.00000   0.65480   0.33797  
  1 99.0000   1892.217125  x:  0.00000   0.01107   0.03997   0.01678   0.04934   0.33385   2.00000   0.65480   0.33797  
  2 594.9098   1884.574219  x:  0.00000   0.00000   0.03061   0.01888   0.04302   0.33765   2.00010   0.65540   0.33689  
  3 3006.5139   1880.478924  x:  0.00000   0.00000   0.00424   0.01697   0.05311   0.33506   2.00050   0.65892   0.33222  
  4 231.4210   1868.444183  x:  0.00000   0.00000   0.00554   0.00620   0.06458   0.40233   2.01883   0.80762   0.12158  
  5 39.5165   1867.083830  x:  0.00000   0.00000   0.00462   0.00345   0.04806   0.37806   2.02207   0.80885   0.08091  
  6 55.7631   1865.951325  x:  0.00000   0.00000   0.00511   0.00194   0.05485   0.39976   2.03340   0.74262   0.02950  
  7 21.9716   1865.515602  x:  0.00000   0.00000   0.00520   0.00245   0.05699   0.40362   2.04061   0.72651   0.00000  
  8 38.9550   1865.515602  x:  0.00000   0.00000   0.00520   0.00245   0.05699   0.40362   2.04061   0.72651   0.00000  
  9  5.7495   1862.974685  x:  0.00000   0.00000   0.00376   0.01313   0.05387   0.40459   2.04062   0.72600   0.00029  
 10 898.7612   1860.882573  x:  0.00000   0.00000   0.00064   0.01297   0.04443   0.40757   2.04065   0.72442   0.00123  
 11 302.5800   1854.381002  x:  0.00000   0.00000   0.00147   0.01288   0.01120   0.41808   2.04077   0.71888   0.00445  
 12 2562.9661   1849.709006  x:  0.00000   0.00000   0.00210   0.01298   0.01955   0.54541   2.04266   0.66456   0.02147  
 13 81.1156   1849.072006  x:  0.00000   0.00000   0.00199   0.01294   0.01879   0.56033   2.04417   0.66529   0.00000  
 14 36.3084   1848.875666  x:  0.00000   0.00000   0.00175   0.01286   0.01723   0.58964   2.04945   0.64953   0.00000  
 15 34.8643   1848.451416  x:  0.00000   0.00000   0.00192   0.01267   0.01584   0.59008   2.45957   0.64454   0.00000  
 16  1.8853   1848.273758  x:  0.00000   0.00000   0.00242   0.01210   0.01221   0.58434   2.41381   0.64656   0.00000  
 17  0.0719   1848.175414  x:  0.00000   0.00000   0.00332   0.01066   0.01367   0.58463   2.36850   0.64942   0.00000  
 18  0.0262   1848.162934  x:  0.00000   0.00000   0.00341   0.01005   0.01296   0.58511   2.38795   0.64814   0.00000  
 19  0.0149   1848.160462  x:  0.00000   0.00000   0.00326   0.00987   0.01316   0.58444   2.39980   0.64742   0.00000  
 20  0.0053   1848.160182  x:  0.00000   0.00000   0.00322   0.00986   0.01312   0.58418   2.39119   0.64749   0.00000  
 21  0.0064   1848.160177  x:  0.00000   0.00000   0.00322   0.00985   0.01312   0.58429   2.39060   0.64756   0.00000  
 22  0.0003   1848.160176  x:  0.00000   0.00000   0.00322   0.00985   0.01312   0.58431   2.39097   0.64761   0.00000  
 23  0.0002   1848.160176  x:  0.00000   0.00000   0.00322   0.00985   0.01312   0.58430   2.39097   0.64761   0.00000  