

TREE # 1

  0  0.0000    944.808486  x:  0.00000   0.00846   0.05227   0.01800   2.00000   0.86115   0.54492  
  1 99.0000    944.807954  x:  0.00000   0.00846   0.05227   0.01800   2.00000   0.86115   0.54492  
  2 324.8017    942.846601  x:  0.00000   0.00000   0.04989   0.01844   2.00000   0.86116   0.54489  
  3 593.3240    940.776962  x:  0.00000   0.00000   0.04413   0.00406   1.99047   0.88943   0.53495  
  4  0.4167    940.650104  x:  0.00420   0.00000   0.04249   0.00000   1.98781   0.89743   0.53219  
  5 80.1026    940.650104  x:  0.00420   0.00000   0.04249   0.00000   1.98781   0.89743   0.53219  
  6  0.2557    940.380769  x:  0.00659   0.00000   0.03518   0.00119   1.98782   0.89746   0.53215  
  7 75.8476    940.115454  x:  0.00616   0.00000   0.02959   0.00000   1.98784   0.89747   0.53211  
  8 254.0669    940.091776  x:  0.00509   0.00000   0.03071   0.00000   1.98784   0.89748   0.53210  
  9 23.3778    940.062427  x:  0.00497   0.00000   0.03017   0.00000   2.02336   0.94126   0.45609  
 10  0.4138    940.034390  x:  0.00451   0.00000   0.02794   0.00000   2.14568   0.94647   0.49176  
 11  0.1709    940.033759  x:  0.00448   0.00000   0.02779   0.00019   2.15400   0.94683   0.49418  
 12 332.7180    940.026249  x:  0.00435   0.00000   0.02820   0.00031   2.33067   0.99999   0.51356  
 13  0.0854    940.026083  x:  0.00433   0.00000   0.02822   0.00033   2.34319   0.99999   0.52064  
 14  0.0447    940.026078  x:  0.00433   0.00000   0.02820   0.00033   2.33874   0.99999   0.52096  
 15  0.0031    940.026077  x:  0.00433   0.00000   0.02820   0.00033   2.33830   0.99999   0.52097  
 16  0.0004    940.026077  x:  0.00433   0.00000   0.02820   0.00033   2.33827   0.99999   0.52097  
 17  0.0000    940.026077  x:  0.00433   0.00000   0.02820   0.00033   2.33827   0.99999   0.52097  
 18  0.0000    940.026077  x:  0.00433   0.00000   0.02820   0.00033   2.33827   0.99999   0.52097  
 19  0.0000    940.026077  x:  0.00433   0.00000   0.02820   0.00033   2.33827   0.99999   0.52097  
 20  0.0000    940.026077  x:  0.00433   0.00000   0.02820   0.00033   2.33827   0.99999   0.52097  
 21  0.0047    940.026077  x:  0.00433   0.00000   0.02820   0.00033   2.33827   0.99999   0.52097  
 22  0.0047    940.026077  x:  0.00433   0.00000   0.02820   0.00033   2.33827   0.99999   0.52097  
check convergence!
