

TREE # 1

  0  0.0000   4784.140209  x:  0.00255   0.21322   0.06204   0.02485   0.15488   0.02170   0.04973   0.03392   0.01844   0.02112   2.00000   0.75552   0.23461  
  1 99.0000   4781.131797  x:  0.00719   0.21593   0.06225   0.03850   0.15641   0.02748   0.04852   0.03654   0.01263   0.02577   2.00071   0.75345   0.23220  
  2 365.7921   4780.531624  x:  0.00395   0.21950   0.05991   0.04251   0.15789   0.02761   0.04798   0.03707   0.01217   0.02253   2.00170   0.75045   0.22889  
  3 146.8886   4779.623301  x:  0.00441   0.22960   0.05308   0.04648   0.16164   0.02578   0.04727   0.03704   0.01758   0.02299   2.00476   0.74117   0.21856  
  4 206.2648   4777.862567  x:  0.00619   0.24980   0.04462   0.04305   0.16805   0.02430   0.04799   0.03572   0.01132   0.02477   2.01206   0.71917   0.19372  
  5 301.2700   4774.446990  x:  0.00561   0.28930   0.05436   0.03448   0.17726   0.03915   0.05060   0.03747   0.01381   0.02419   2.03136   0.66221   0.12696  
  6 429.0351   4770.098050  x:  0.00628   0.30522   0.07116   0.03836   0.17050   0.02256   0.04685   0.03840   0.01243   0.02485   2.05753   0.58831   0.03537  
  7 355.0153   4767.557187  x:  0.00614   0.30016   0.06694   0.03862   0.16756   0.02538   0.04946   0.03712   0.01267   0.02471   2.06837   0.55869   0.00000  
  8 422.2156   4766.191223  x:  0.00607   0.29138   0.06058   0.03651   0.16740   0.02973   0.04354   0.04119   0.01279   0.02464   2.08294   0.51834   0.00000  
  9 825.5563   4765.844615  x:  0.00611   0.28532   0.06252   0.03710   0.18043   0.02770   0.04705   0.04076   0.01280   0.02469   2.09131   0.50759   0.00000  
 10 54.5950   4765.812954  x:  0.00610   0.28492   0.06274   0.03723   0.18132   0.02792   0.04612   0.03897   0.01280   0.02467   2.09391   0.50732   0.00000  
 11 24.4342   4764.162755  x:  0.00607   0.27684   0.05916   0.03462   0.19365   0.02987   0.04096   0.04296   0.01257   0.02465   2.33796   0.53400   0.00000  
 12 31.0365   4761.438162  x:  0.00613   0.28227   0.06453   0.03792   0.17421   0.02606   0.04701   0.03931   0.01272   0.02470   2.77125   0.49687   0.00000  
 13 82.2411   4759.970300  x:  0.00579   0.24596   0.05767   0.04092   0.16746   0.02595   0.04761   0.03779   0.01296   0.02427   2.81517   0.51237   0.00000  
 14  0.0554   4759.896174  x:  0.00571   0.24806   0.05766   0.04098   0.16550   0.02853   0.04882   0.03734   0.01292   0.02420   2.83158   0.51820   0.00000  
 15  0.0151   4759.894480  x:  0.00575   0.24741   0.05804   0.04112   0.16583   0.02855   0.04889   0.03744   0.01302   0.02426   2.83304   0.51773   0.00000  
 16  0.0018   4759.894436  x:  0.00575   0.24745   0.05803   0.04113   0.16580   0.02857   0.04892   0.03743   0.01300   0.02428   2.83313   0.51746   0.00000  
 17  0.0003   4759.894435  x:  0.00574   0.24746   0.05802   0.04114   0.16580   0.02857   0.04893   0.03743   0.01300   0.02430   2.83293   0.51747   0.00000  
 18  0.0002   4759.894435  x:  0.00573   0.24746   0.05802   0.04114   0.16580   0.02857   0.04892   0.03743   0.01300   0.02431   2.83289   0.51747   0.00000  
 19  0.0000   4759.894435  x:  0.00572   0.24746   0.05802   0.04114   0.16580   0.02857   0.04892   0.03743   0.01300   0.02431   2.83289   0.51747   0.00000  
 20  0.0000   4759.894435  x:  0.00572   0.24746   0.05802   0.04114   0.16580   0.02857   0.04892   0.03743   0.01300   0.02431   2.83289   0.51747   0.00000  
 21  0.0000   4759.894435  x:  0.00572   0.24746   0.05802   0.04114   0.16580   0.02857   0.04892   0.03743   0.01300   0.02431   2.83289   0.51747   0.00000  
check convergence!
