

TREE # 1

  0  0.0000    890.338325  x:  0.00222   0.01329   0.00472   0.00000   0.00000   0.06189   2.00000   0.65480   0.33797  
  1 99.0000    890.338012  x:  0.00222   0.01329   0.00472   0.00000   0.00000   0.06189   2.00000   0.65480   0.33797  
  2 276.1745    890.322764  x:  0.00215   0.01323   0.00452   0.00000   0.00000   0.06507   2.00066   0.65723   0.33488  
  3  7.2880    890.297694  x:  0.00318   0.01428   0.00416   0.00000   0.00000   0.06523   2.00245   0.66391   0.32653  
  4 12.2492    889.896182  x:  0.00245   0.01375   0.00185   0.00000   0.00000   0.06349   2.02454   0.74632   0.22362  
  5 224.2936    889.693651  x:  0.00046   0.01585   0.00209   0.00000   0.00000   0.06376   2.04077   0.86907   0.22969  
  6  3.5982    889.682776  x:  0.00000   0.01628   0.00210   0.00000   0.00000   0.06374   2.04550   0.86814   0.22836  
  7  0.3658    889.632944  x:  0.00000   0.01990   0.00227   0.00000   0.00000   0.06344   2.10350   0.85672   0.21208  
  8 1227.4699    889.110363  x:  0.00000   0.02088   0.00169   0.00000   0.00000   0.06348   2.08066   0.78251   0.00000  
  9  0.7080    889.110363  x:  0.00000   0.02088   0.00169   0.00000   0.00000   0.06348   2.08066   0.78251   0.00000  
 10  0.2334    888.804370  x:  0.00000   0.02043   0.00500   0.00000   0.00000   0.06360   2.08066   0.78247   0.00000  
 11 258.4007    888.706322  x:  0.00000   0.01594   0.00507   0.00000   0.00000   0.06443   2.08070   0.78204   0.00000  
 12 40.4687    888.696546  x:  0.00000   0.01615   0.00505   0.00000   0.00000   0.06713   2.08089   0.77975   0.00000  
 13  5.6847    888.629042  x:  0.00000   0.01611   0.00511   0.00000   0.00000   0.06569   2.08452   0.73766   0.00000  
 14  5.6442    888.546084  x:  0.00000   0.01597   0.00500   0.00000   0.00000   0.06589   2.59284   0.72704   0.00000  
 15  0.3717    888.546035  x:  0.00000   0.01605   0.00498   0.00000   0.00000   0.06587   2.59133   0.72642   0.00000  
 16  0.0016    888.546028  x:  0.00000   0.01603   0.00497   0.00000   0.00000   0.06587   2.59030   0.72612   0.00000  
 17  0.0008    888.546028  x:  0.00001   0.01603   0.00497   0.00000   0.00000   0.06587   2.59028   0.72612   0.00000  
 18  0.1236    888.546027  x:  0.00000   0.01603   0.00497   0.00000   0.00000   0.06587   2.59031   0.72617   0.00000  
 19  0.0001    888.546027  x:  0.00000   0.01603   0.00497   0.00000   0.00000   0.06587   2.59035   0.72621   0.00000  
 20  0.0001    888.546027  x:  0.00000   0.01603   0.00497   0.00000   0.00000   0.06587   2.59036   0.72620   0.00000  
 21  0.0000    888.546027  x:  0.00000   0.01603   0.00497   0.00000   0.00000   0.06587   2.59036   0.72620   0.00000  
 22  0.0000    888.546027  x:  0.00000   0.01603   0.00497   0.00000   0.00000   0.06587   2.59036   0.72620   0.00000  
 23  0.0000    888.546027  x:  0.00000   0.01603   0.00497   0.00000   0.00000   0.06587   2.59036   0.72620   0.00000  
check convergence!
