

TREE # 1

  0  0.0000   4503.407383  x:  0.08068   0.03188   0.03732   0.18315   0.04139   0.12117   0.36142   0.20054   0.12168   0.09925   2.00000   0.75552   0.23461  
  1 99.0000   4453.965861  x:  0.09408   0.13252   0.11392   0.21429   0.14340   0.13447   0.38190   0.23397   0.14352   0.11265   2.00391   0.80104   0.09839  
  2 565.0961   4446.103412  x:  0.09450   0.12669   0.10700   0.21717   0.14095   0.13328   0.38999   0.23823   0.14423   0.11307   2.00514   0.80293   0.05368  
  3 372.6911   4442.534101  x:  0.09810   0.12372   0.08974   0.24434   0.16252   0.12283   0.45160   0.27691   0.14767   0.11668   2.01496   0.74559   0.04260  
  4 78.1870   4442.014574  x:  0.10477   0.11649   0.08747   0.25036   0.16217   0.12776   0.47545   0.28548   0.15332   0.12334   2.02225   0.75626   0.04631  
  5 39.3845   4441.880232  x:  0.09942   0.11505   0.09167   0.25023   0.16031   0.12584   0.48565   0.28649   0.15039   0.11800   2.02986   0.76043   0.04722  
  6 20.0436   4441.760465  x:  0.10208   0.11663   0.09591   0.24501   0.15759   0.11940   0.49330   0.28044   0.14979   0.12066   2.04929   0.75961   0.04691  
  7 12.9583   4441.461471  x:  0.10041   0.11902   0.09258   0.23918   0.16019   0.12981   0.50069   0.26714   0.15137   0.11899   2.11648   0.75564   0.04620  
  8 23.7281   4440.598757  x:  0.09897   0.11720   0.08551   0.25346   0.15685   0.12173   0.48468   0.27916   0.15582   0.11755   2.33256   0.75935   0.04791  
  9 51.2698   4440.507437  x:  0.10131   0.11334   0.09024   0.25222   0.15615   0.12561   0.48211   0.28390   0.14950   0.11988   2.35377   0.75749   0.04745  
 10 27.9530   4440.480032  x:  0.10077   0.11239   0.09142   0.24719   0.15579   0.12640   0.48151   0.28770   0.15255   0.11934   2.35674   0.75671   0.04732  
 11  3.9504   4440.120037  x:  0.10105   0.10816   0.07886   0.23400   0.16707   0.12018   0.48132   0.29207   0.14316   0.11963   2.35681   0.76326   0.04864  
 12  1.1990   4435.627875  x:  0.09656   0.04957   0.08126   0.23908   0.15890   0.11179   0.47432   0.27406   0.15311   0.11513   2.33640   0.76206   0.04946  
 13  5.9571   4430.209768  x:  0.09568   0.05405   0.05848   0.24069   0.08461   0.12458   0.47503   0.27899   0.14140   0.11426   2.30978   0.76111   0.05105  
 14 62.2444   4429.978665  x:  0.09472   0.06056   0.06004   0.23656   0.08221   0.12528   0.47229   0.26627   0.14214   0.11329   2.25946   0.75982   0.04749  
 15  0.0655   4429.966264  x:  0.09469   0.05921   0.05890   0.23549   0.08370   0.12543   0.47068   0.26539   0.14161   0.11326   2.24804   0.75949   0.04697  
 16  0.0185   4429.965237  x:  0.09469   0.05887   0.05939   0.23523   0.08343   0.12549   0.47005   0.26542   0.14147   0.11326   2.24550   0.75918   0.04703  
 17  0.0049   4429.965184  x:  0.09470   0.05894   0.05933   0.23527   0.08347   0.12544   0.46988   0.26558   0.14146   0.11327   2.24513   0.75907   0.04704  
 18  0.0006   4429.965181  x:  0.09470   0.05893   0.05933   0.23529   0.08346   0.12542   0.46988   0.26562   0.14146   0.11327   2.24516   0.75907   0.04703  
 19  0.0001   4429.965181  x:  0.09470   0.05893   0.05933   0.23530   0.08346   0.12542   0.46988   0.26562   0.14146   0.11327   2.24517   0.75906   0.04703  
 20  0.0000   4429.965181  x:  0.09470   0.05893   0.05933   0.23530   0.08346   0.12542   0.46988   0.26562   0.14146   0.11327   2.24517   0.75906   0.04703  
 21  0.0000   4429.965181  x:  0.09470   0.05893   0.05933   0.23530   0.08346   0.12542   0.46988   0.26562   0.14146   0.11327   2.24517   0.75906   0.04703  