

TREE # 1

  0  0.0000   6155.626167  x:  0.02131   0.02808   0.18207   0.08626   0.19662   0.11029   2.00000   0.65480   0.33797  
  1 99.0000   6124.212004  x:  0.02405   0.09923   0.18980   0.07826   0.19951   0.11303   2.00032   0.65475   0.32997  
  2 1347.9185   6113.150871  x:  0.02120   0.09935   0.22252   0.03028   0.20333   0.11019   2.00195   0.65356   0.28713  
  3 261.3778   6088.069112  x:  0.05616   0.09357   0.35564   0.02535   0.19702   0.14514   2.00991   0.65106   0.06752  
  4 389.7682   6082.561608  x:  0.04742   0.09415   0.36451   0.02864   0.19780   0.13640   2.01175   0.64582   0.00862  
  5 535.3638   6081.308541  x:  0.04929   0.09409   0.36334   0.02753   0.19655   0.13827   2.01259   0.63208   0.00000  
  6 112.4535   6081.308541  x:  0.04929   0.09409   0.36334   0.02753   0.19655   0.13827   2.01259   0.63208   0.00000  
  7 109.3487   6072.910693  x:  0.02354   0.10394   0.32136   0.02211   0.20061   0.11252   2.01314   0.60499   0.00393  
  8 249.8063   6070.363582  x:  0.02414   0.10597   0.30635   0.02870   0.20181   0.11313   2.01340   0.59809   0.00000  
  9 286.4409   6068.577672  x:  0.03073   0.09978   0.28064   0.02257   0.20380   0.11971   2.01396   0.58772   0.00000  
 10 264.6585   6068.447613  x:  0.02967   0.09381   0.27830   0.02430   0.20281   0.11865   2.01437   0.58789   0.00000  
 11 41.4905   6068.420216  x:  0.02908   0.09405   0.27536   0.02406   0.20065   0.11806   2.01590   0.59250   0.00000  
 12  9.0004   6068.413181  x:  0.02906   0.09384   0.27505   0.02414   0.20244   0.11804   2.01831   0.59400   0.00000  
 13  3.2628   6068.361459  x:  0.03081   0.09327   0.27689   0.02445   0.20073   0.11980   2.04448   0.59628   0.00000  
 14  5.8395   6068.188416  x:  0.02943   0.09449   0.27478   0.02479   0.20181   0.11841   2.14199   0.59023   0.00000  
 15 11.8887   6066.889367  x:  0.03139   0.09881   0.25217   0.03627   0.20360   0.12030   2.07627   0.58436   0.00000  
 16  0.1395   6066.856159  x:  0.03104   0.09829   0.25570   0.03777   0.20419   0.11993   2.08462   0.58391   0.00000  
 17  0.0082   6066.854678  x:  0.03097   0.09802   0.25475   0.03821   0.20426   0.11987   2.08512   0.58406   0.00000  
 18  0.0011   6066.854664  x:  0.03097   0.09807   0.25476   0.03824   0.20427   0.11988   2.08475   0.58405   0.00000  
 19  0.0003   6066.854664  x:  0.03097   0.09807   0.25476   0.03824   0.20427   0.11988   2.08478   0.58405   0.00000  
 20  0.0000   6066.854664  x:  0.03097   0.09807   0.25476   0.03824   0.20427   0.11988   2.08478   0.58405   0.00000  