

TREE # 1

  0  0.0000   1815.207983  x:  0.18056   0.07905   0.19043   0.19855   2.00000   0.86115   0.54492  
  1 99.0000   1813.789707  x:  0.19620   0.11006   0.20142   0.21419   2.01388   0.89283   0.44100  
  2 25.3123   1812.105962  x:  0.20212   0.09622   0.20179   0.22012   2.02973   0.92519   0.32342  
  3 142.8308   1811.498189  x:  0.18339   0.10585   0.20036   0.20138   2.04764   0.87114   0.25559  
  4 17.3271   1810.089299  x:  0.19922   0.10079   0.20405   0.21721   2.09521   0.70732   0.10070  
  5 65.0701   1810.042160  x:  0.19833   0.09842   0.21478   0.21633   2.11292   0.70384   0.09938  
  6  3.7101   1808.965995  x:  0.20288   0.09266   0.20708   0.22087   2.64949   0.63960   0.09342  
  7 13.1455   1808.533741  x:  0.20454   0.08250   0.20769   0.22253   2.44481   0.57508   0.07394  
  8  0.3766   1808.514282  x:  0.20416   0.07947   0.20573   0.22215   2.42832   0.57732   0.06772  
  9  0.0172   1808.509375  x:  0.20386   0.08062   0.20564   0.22185   2.42445   0.56885   0.05778  
 10  0.0095   1808.509102  x:  0.20409   0.08038   0.20611   0.22209   2.42981   0.56647   0.05593  
 11  0.0060   1808.509100  x:  0.20414   0.08038   0.20611   0.22213   2.42949   0.56644   0.05587  
 12  0.0003   1808.509100  x:  0.20414   0.08039   0.20611   0.22213   2.42951   0.56645   0.05587  
 13  0.0000   1808.509100  x:  0.20414   0.08039   0.20611   0.22213   2.42951   0.56645   0.05587  