

TREE # 1

  0  0.0000   2426.900563  x:  0.07206   0.02145   0.00317   0.09005   2.00000   0.86115   0.54492  
  1 99.0000   2426.831069  x:  0.07219   0.02176   0.00211   0.09019   2.00000   0.86112   0.54488  
  2 111.4548   2426.793135  x:  0.07300   0.02361   0.00213   0.09100   1.99997   0.86095   0.54462  
  3 39.3961   2426.771822  x:  0.07495   0.02316   0.00214   0.09294   1.99989   0.86038   0.54376  
  4 17.3818   2420.661460  x:  0.07712   0.02331   0.00218   0.09511   1.95232   0.50300   0.00000  
  5  5.8512   2420.244117  x:  0.07659   0.02331   0.00214   0.09458   1.84960   0.58462   0.00000  
  6  0.4344   2420.223882  x:  0.07781   0.02369   0.00185   0.09579   1.79993   0.58417   0.00000  
  7  0.0798   2420.215774  x:  0.07840   0.02391   0.00168   0.09637   1.83911   0.58601   0.00000  
  8  0.1615   2420.215640  x:  0.07829   0.02398   0.00167   0.09626   1.83994   0.58543   0.00000  
  9  0.0012   2420.215634  x:  0.07829   0.02400   0.00167   0.09627   1.84009   0.58551   0.00000  
 10  0.0002   2420.215634  x:  0.07829   0.02400   0.00167   0.09627   1.84003   0.58553   0.00000  
 11  0.0001   2420.215634  x:  0.07829   0.02400   0.00167   0.09627   1.84004   0.58553   0.00000  