

TREE # 1

  0  0.0000   7391.779609  x:  0.00000   0.02948   0.03578   0.00250   0.03224   0.04882   0.13539   0.04759   2.00000   0.85288   0.19289  
  1 99.0000   7391.769427  x:  0.00000   0.02948   0.03577   0.00251   0.03224   0.04882   0.13539   0.04759   2.00000   0.85288   0.19289  
  2 1407.6554   7356.180627  x:  0.00000   0.03331   0.00572   0.00164   0.04222   0.03034   0.14675   0.04282   1.99990   0.84647   0.18823  
  3 5770.6306   7347.258720  x:  0.00000   0.03411   0.00969   0.00159   0.04330   0.01151   0.15890   0.03940   2.00043   0.83837   0.17992  
  4 762.8142   7334.577267  x:  0.00000   0.02288   0.00744   0.00357   0.03381   0.01198   0.20459   0.04565   2.00353   0.80224   0.13685  
  5 550.8425   7326.424290  x:  0.00000   0.03598   0.01119   0.00454   0.04417   0.01959   0.23331   0.04853   2.00537   0.77026   0.09695  
  6 1208.9444   7303.875689  x:  0.00000   0.03729   0.00888   0.00834   0.04815   0.01933   0.22097   0.03796   2.00572   0.70756   0.00000  
  7 576.4174   7302.730881  x:  0.00000   0.03887   0.00799   0.00921   0.04861   0.01665   0.21607   0.04553   2.00496   0.69162   0.00000  
  8 375.3300   7302.606043  x:  0.00000   0.03674   0.00850   0.00903   0.05088   0.01674   0.21571   0.04626   2.00308   0.68926   0.00000  
  9 44.6731   7301.589040  x:  0.00000   0.03659   0.00982   0.00662   0.04604   0.01903   0.21406   0.04528   1.97554   0.66566   0.00000  
 10 50.3355   7299.781855  x:  0.00000   0.03762   0.00951   0.00753   0.04810   0.01795   0.22624   0.04476   1.63966   0.65997   0.00000  
 11  9.6417   7295.829483  x:  0.00000   0.03249   0.00774   0.00381   0.04622   0.01358   0.20799   0.04516   1.45430   0.68822   0.00000  
 12  0.1967   7295.518264  x:  0.00000   0.03301   0.00761   0.00491   0.04603   0.01284   0.20145   0.04455   1.46343   0.69669   0.00000  
 13  0.0243   7295.483991  x:  0.00000   0.03309   0.00763   0.00462   0.04590   0.01317   0.19936   0.04379   1.48119   0.69832   0.00000  
 14  0.0243   7295.479170  x:  0.00000   0.03328   0.00767   0.00458   0.04609   0.01325   0.19932   0.04351   1.47000   0.69835   0.00000  
 15  0.0122   7295.479124  x:  0.00007   0.03329   0.00768   0.00458   0.04609   0.01325   0.19932   0.04350   1.46953   0.69835   0.00000  
 16  9.6491   7295.478563  x:  0.00012   0.03336   0.00766   0.00456   0.04625   0.01320   0.19943   0.04346   1.47154   0.69812   0.00000  
 17  0.0023   7295.478541  x:  0.00012   0.03338   0.00767   0.00457   0.04625   0.01321   0.19942   0.04345   1.47190   0.69815   0.00000  
 18  0.0004   7295.478540  x:  0.00012   0.03338   0.00767   0.00457   0.04625   0.01321   0.19940   0.04345   1.47189   0.69816   0.00000  
 19  0.0000   7295.478540  x:  0.00012   0.03338   0.00767   0.00457   0.04625   0.01321   0.19940   0.04345   1.47189   0.69816   0.00000  
 20  0.0000   7295.478540  x:  0.00012   0.03338   0.00767   0.00457   0.04625   0.01321   0.19940   0.04345   1.47189   0.69816   0.00000  
 21  0.0000   7295.478540  x:  0.00012   0.03338   0.00767   0.00457   0.04625   0.01321   0.19940   0.04345   1.47189   0.69816   0.00000  
 22  0.0158   7295.478540  x:  0.00012   0.03338   0.00767   0.00457   0.04625   0.01321   0.19940   0.04345   1.47189   0.69816   0.00000  
 23  0.7572   7295.478540  x:  0.00012   0.03338   0.00767   0.00457   0.04625   0.01321   0.19940   0.04345   1.47189   0.69816   0.00000  
check convergence!
