

TREE # 1

  0  0.0000   1002.564585  x:  0.01492   0.01849   0.02218   0.01218   0.08530   0.02123   0.00000   0.08456   0.05398   0.02338   0.02348   0.02283   0.04253   0.05699   0.02823   0.09337   2.00000   0.78661   0.23973  
  1 99.0000    998.701746  x:  0.01507   0.01890   0.02305   0.01251   0.08497   0.02160   0.02025   0.08461   0.05423   0.02266   0.02346   0.02225   0.04286   0.05676   0.02788   0.09352   2.00012   0.78638   0.23957  
  2 1545.9065    996.332246  x:  0.01874   0.02857   0.04209   0.01910   0.07700   0.02489   0.02043   0.07984   0.05144   0.00000   0.02258   0.00914   0.05055   0.05122   0.01953   0.09719   2.00282   0.78006   0.23621  
  3 123.8711    995.932544  x:  0.02102   0.03065   0.04761   0.01819   0.07151   0.03020   0.02048   0.07577   0.05070   0.00000   0.02233   0.01452   0.05402   0.04745   0.01572   0.09946   2.00508   0.77488   0.23334  
  4 84.0953    995.574770  x:  0.02387   0.02853   0.04695   0.01299   0.06413   0.03442   0.02058   0.06868   0.05096   0.00000   0.02217   0.01157   0.05580   0.04295   0.01792   0.10232   2.00971   0.76448   0.22731  
  5 57.1616    995.154591  x:  0.02685   0.02551   0.04273   0.02047   0.05660   0.03284   0.02079   0.05778   0.05170   0.00000   0.02244   0.01171   0.05593   0.04086   0.01894   0.10530   2.01977   0.74269   0.21378  
  6 66.0341    994.174008  x:  0.02897   0.03031   0.04040   0.01540   0.05719   0.02401   0.02121   0.04515   0.05208   0.00000   0.02162   0.01233   0.05399   0.04730   0.01251   0.10741   2.04801   0.68425   0.17429  
  7 91.6679    991.598754  x:  0.02983   0.04126   0.04693   0.01719   0.07248   0.03259   0.02161   0.04144   0.05139   0.00000   0.02388   0.01520   0.05098   0.05900   0.03019   0.10828   2.14297   0.49491   0.03820  
  8 281.1399    990.431396  x:  0.02935   0.03700   0.04502   0.01780   0.07315   0.03432   0.02159   0.04982   0.05233   0.00000   0.02387   0.01385   0.05261   0.05674   0.02529   0.10780   2.16887   0.44748   0.00000  
  9 320.9502    990.372202  x:  0.02798   0.03518   0.04743   0.01707   0.07289   0.03066   0.02163   0.05066   0.05234   0.00000   0.02408   0.01491   0.05325   0.05374   0.02671   0.10643   2.17608   0.44287   0.00000  
 10 20.3349    990.185468  x:  0.02072   0.03202   0.04945   0.01735   0.07498   0.03309   0.02165   0.04630   0.05220   0.00000   0.02284   0.01406   0.05006   0.05033   0.02437   0.09916   2.21616   0.44220   0.00000  
 11 15.5449    988.238612  x:  0.00841   0.04363   0.04041   0.01631   0.06214   0.03311   0.02172   0.05001   0.04757   0.00000   0.04185   0.01369   0.05809   0.05280   0.02518   0.08686   2.71892   0.46713   0.00000  
 12 77.0926    984.175655  x:  0.02137   0.04033   0.04082   0.01693   0.06489   0.03101   0.02170   0.05746   0.04875   0.00000   0.01408   0.01524   0.05571   0.05469   0.02837   0.09981   3.58390   0.51408   0.00000  
 13 801.2688    983.181910  x:  0.03274   0.02983   0.04710   0.01664   0.07586   0.03157   0.02161   0.05620   0.05262   0.00000   0.02541   0.01461   0.04876   0.05340   0.02494   0.11119   3.84932   0.52908   0.00000  
 14 712.8917    983.167812  x:  0.03283   0.02948   0.04654   0.01674   0.07771   0.03165   0.02161   0.05534   0.05318   0.00000   0.02542   0.01450   0.05152   0.05305   0.02490   0.11128   3.85309   0.52925   0.00000  
 15 11.3336    983.163866  x:  0.03299   0.03048   0.04597   0.01680   0.07810   0.03158   0.02160   0.05532   0.05381   0.00000   0.02544   0.01450   0.05116   0.05179   0.02483   0.11143   3.85591   0.52878   0.00000  
 16  1.2911    982.841989  x:  0.03501   0.02751   0.04436   0.01605   0.07078   0.03054   0.02102   0.05115   0.06220   0.00000   0.02499   0.01435   0.05154   0.05290   0.02206   0.11345   4.12208   0.48118   0.00000  
 17  5.8037    982.782404  x:  0.03615   0.02695   0.04249   0.01598   0.07140   0.03017   0.02109   0.05017   0.05473   0.00000   0.02499   0.01429   0.05136   0.05087   0.02127   0.11459   4.16837   0.47313   0.00000  
 18 57.8225    981.746593  x:  0.02874   0.01881   0.03438   0.01471   0.07014   0.03142   0.01877   0.06810   0.05704   0.00000   0.02241   0.01463   0.05128   0.04531   0.01596   0.10716   4.75554   0.50619   0.00000  
 19  1.6606    981.297535  x:  0.02405   0.02875   0.03290   0.01437   0.06717   0.03217   0.01818   0.07312   0.05438   0.00000   0.02304   0.01615   0.05367   0.04873   0.02075   0.10244   5.25501   0.51178   0.00000  
 20  0.5151    981.072732  x:  0.02358   0.02535   0.04090   0.01540   0.07194   0.03282   0.01897   0.07065   0.05380   0.00000   0.02263   0.01662   0.05274   0.04948   0.02171   0.10196   5.83505   0.50457   0.00000  
 21  0.4206    980.980583  x:  0.02524   0.02486   0.03681   0.01540   0.07044   0.03275   0.01936   0.06687   0.05397   0.00000   0.02358   0.01569   0.05271   0.04904   0.01964   0.10361   6.26933   0.49978   0.00000  
 22  0.3044    980.975621  x:  0.02441   0.02489   0.03693   0.01501   0.07019   0.03232   0.01915   0.06710   0.05425   0.00000   0.02358   0.01561   0.05272   0.04859   0.02016   0.10278   6.35073   0.50311   0.00000  
 23  0.0722    980.975333  x:  0.02439   0.02504   0.03698   0.01512   0.07028   0.03239   0.01911   0.06714   0.05411   0.00000   0.02358   0.01553   0.05270   0.04875   0.02015   0.10276   6.37499   0.50286   0.00000  
 24  0.0202    980.975320  x:  0.02444   0.02504   0.03701   0.01510   0.07027   0.03236   0.01912   0.06717   0.05413   0.00000   0.02358   0.01551   0.05271   0.04874   0.02016   0.10281   6.37752   0.50267   0.00000  
 25  0.0020    980.975319  x:  0.02444   0.02503   0.03700   0.01511   0.07027   0.03236   0.01912   0.06719   0.05414   0.00000   0.02357   0.01550   0.05272   0.04874   0.02016   0.10281   6.37700   0.50269   0.00000  
 26  0.0004    980.975319  x:  0.02444   0.02503   0.03700   0.01511   0.07027   0.03236   0.01912   0.06719   0.05413   0.00000   0.02357   0.01550   0.05272   0.04874   0.02016   0.10281   6.37691   0.50269   0.00000  
 27  0.0001    980.975319  x:  0.02444   0.02503   0.03700   0.01511   0.07027   0.03236   0.01912   0.06719   0.05413   0.00000   0.02357   0.01550   0.05272   0.04874   0.02016   0.10281   6.37689   0.50269   0.00000  
 28  0.0000    980.975319  x:  0.02444   0.02503   0.03700   0.01511   0.07027   0.03236   0.01912   0.06719   0.05413   0.00000   0.02357   0.01550   0.05272   0.04874   0.02016   0.10281   6.37689   0.50269   0.00000  