

TREE # 1

  0  0.0000   3331.550353  x:  0.12491   0.10711   0.17977   0.14290   2.00000   0.86115   0.54492  
  1 99.0000   3318.749362  x:  0.25864   0.17043   0.23840   0.27664   2.09466   0.71455   0.00000  
  2 36.8455   3318.749362  x:  0.25864   0.17043   0.23840   0.27664   2.09466   0.71455   0.00000  
  3 193.5305   3298.639412  x:  0.18750   0.09511   0.20318   0.20549   2.09556   0.61922   0.03253  
  4 258.3041   3292.740435  x:  0.14893   0.10282   0.19986   0.16692   2.09632   0.60469   0.00000  
  5 168.8767   3292.566157  x:  0.15083   0.11328   0.19982   0.16882   2.09688   0.60413   0.00000  
  6 17.0413   3292.482499  x:  0.15074   0.11268   0.20446   0.16874   2.09871   0.61738   0.00000  
  7  8.6329   3292.473417  x:  0.15064   0.11274   0.20150   0.16864   2.09953   0.62001   0.00000  
  8  5.2739   3292.442569  x:  0.15049   0.11282   0.20155   0.16849   2.17307   0.61843   0.00000  
  9  0.7957   3292.418169  x:  0.14698   0.11363   0.20119   0.16497   2.16780   0.61869   0.00000  
 10  0.0098   3292.418160  x:  0.14697   0.11370   0.20122   0.16497   2.16734   0.61873   0.00000  
 11  0.0004   3292.418160  x:  0.14697   0.11370   0.20122   0.16497   2.16735   0.61873   0.00000  
 12  0.0000   3292.418160  x:  0.14697   0.11370   0.20122   0.16497   2.16735   0.61873   0.00000  