

TREE # 1

  0  0.0000   1123.202892  x:  0.00629   0.01736   0.04611   0.10415   0.00000   0.18130   2.00000   0.65480   0.33797  
  1 99.0000   1108.498791  x:  0.00274   0.01381   0.03801   0.11106   0.09458   0.18905   1.99964   0.65465   0.33699  
  2 1987.8152   1106.797026  x:  0.00000   0.01108   0.03310   0.11337   0.09440   0.19264   1.99946   0.65446   0.33642  
  3 241.1988   1099.484575  x:  0.00000   0.02063   0.00000   0.12716   0.09312   0.21507   1.99813   0.65309   0.33199  
  4 537.3420   1094.042373  x:  0.00000   0.00503   0.00000   0.03595   0.09474   0.32231   1.96544   0.62171   0.21356  
  5 29.8327   1092.467703  x:  0.00941   0.00000   0.00000   0.00496   0.09528   0.35853   1.95412   0.61099   0.17228  
  6 1573.8471   1092.467703  x:  0.00941   0.00000   0.00000   0.00496   0.09528   0.35853   1.95412   0.61099   0.17228  
  7 113.7910   1091.728749  x:  0.01713   0.00773   0.00000   0.01645   0.09360   0.36917   1.95313   0.61102   0.16710  
  8 104.6916   1085.782069  x:  0.01465   0.00524   0.00000   0.14043   0.07256   0.47660   1.94259   0.61104   0.11163  
  9 268.0085   1083.207233  x:  0.01469   0.00528   0.00000   0.13751   0.02446   0.50117   1.92757   0.60947   0.02195  
 10 49.5394   1082.449429  x:  0.01451   0.00511   0.00000   0.13637   0.02522   0.50565   1.92373   0.60890   0.00000  
 11 143.9980   1081.836913  x:  0.01154   0.00214   0.00000   0.11662   0.03836   0.58322   1.85717   0.59838   0.00000  
 12 328203.6801   1079.920546  x:  0.01561   0.00622   0.00000   0.25081   0.04189   0.51446   1.16702   0.61725   0.00000  
 13  7.4788   1078.062732  x:  0.01532   0.00593   0.00000   0.23328   0.03593   0.51489   0.65411   0.63151   0.00000  
 14 16.3735   1076.585193  x:  0.01232   0.00295   0.00000   0.12859   0.03957   0.51202   0.79690   0.61745   0.00000  
 15  0.2227   1076.454845  x:  0.01112   0.00175   0.00000   0.13837   0.04375   0.47583   0.80035   0.61154   0.00000  
 16  0.0338   1076.453343  x:  0.01096   0.00158   0.00000   0.13802   0.04418   0.47878   0.79688   0.61125   0.00000  
 17  0.0050   1076.452142  x:  0.01111   0.00164   0.00000   0.13783   0.04529   0.48008   0.80042   0.61078   0.00000  
 18  0.0012   1076.449379  x:  0.01123   0.00150   0.00000   0.13406   0.04658   0.47968   0.79570   0.61071   0.00000  
 19  0.0019   1076.418693  x:  0.01205   0.00017   0.00000   0.13438   0.04810   0.47557   0.80374   0.61792   0.00000  
 20  0.0015   1076.414615  x:  0.01223   0.00000   0.00000   0.13441   0.04814   0.47570   0.80177   0.61938   0.00000  
 21  0.0202   1076.414615  x:  0.01223   0.00000   0.00000   0.13441   0.04814   0.47570   0.80177   0.61938   0.00000  
 22 36.0332   1076.414113  x:  0.01237   0.00014   0.00000   0.13441   0.04817   0.47572   0.80177   0.61959   0.00000  
 23  3.5214   1076.403214  x:  0.01227   0.00005   0.00000   0.13446   0.04918   0.47664   0.80177   0.62796   0.00000  
 24  5.3094   1076.402471  x:  0.01227   0.00005   0.00000   0.13392   0.04820   0.47664   0.80163   0.62867   0.00000  
 25  1.3645   1076.402304  x:  0.01227   0.00005   0.00000   0.13293   0.04852   0.47655   0.80086   0.62878   0.00000  
 26  0.2687   1076.402264  x:  0.01231   0.00000   0.00000   0.13291   0.04852   0.47665   0.80059   0.62879   0.00000  
 27  0.2177   1076.402255  x:  0.01228   0.00000   0.00000   0.13294   0.04852   0.47662   0.80050   0.62879   0.00000  
 28  0.2082   1076.402047  x:  0.01230   0.00000   0.00000   0.13367   0.04834   0.47547   0.79687   0.62911   0.00000  
 29  0.8513   1076.401717  x:  0.01231   0.00000   0.00000   0.13358   0.04825   0.47729   0.79246   0.62916   0.00000  
 30  0.0050   1076.401714  x:  0.01230   0.00000   0.00000   0.13344   0.04829   0.47730   0.79234   0.62917   0.00000  
 31  0.0002   1076.401714  x:  0.01230   0.00000   0.00000   0.13344   0.04829   0.47730   0.79234   0.62917   0.00000  