

TREE # 1

  0  0.0000   1734.931559  x:  0.00105   0.00734   0.09819   0.01905   2.00000   0.86115   0.54492  
  1 99.0000   1734.372520  x:  0.00215   0.00300   0.09804   0.02014   2.00004   0.86105   0.54504  
  2 193.2002   1734.367598  x:  0.00250   0.00314   0.09783   0.02050   2.00010   0.86089   0.54522  
  3 16.3375   1734.341681  x:  0.00240   0.00311   0.09408   0.02040   2.00125   0.85782   0.54883  
  4 11.1920   1733.305659  x:  0.00245   0.00308   0.10258   0.02044   2.14660   0.47396   1.00000  
  5 16.8745   1732.719612  x:  0.00248   0.00302   0.10058   0.02043   3.02879   0.45239   1.00000  
  6  1.6927   1732.690831  x:  0.00250   0.00301   0.09649   0.02040   3.00888   0.44211   1.00000  
  7  0.0346   1732.690697  x:  0.00249   0.00303   0.09645   0.02042   2.99445   0.44227   1.00000  
  8  0.0097   1732.690689  x:  0.00248   0.00302   0.09646   0.02043   2.99293   0.44233   1.00000  
  9  0.0026   1732.690688  x:  0.00247   0.00302   0.09647   0.02044   2.99281   0.44236   1.00000  
 10  0.0001   1732.690688  x:  0.00245   0.00302   0.09647   0.02046   2.99281   0.44236   1.00000  
 11  0.0000   1732.690688  x:  0.00245   0.00302   0.09647   0.02046   2.99281   0.44236   1.00000  
 12  0.0000   1732.690688  x:  0.00245   0.00302   0.09647   0.02046   2.99281   0.44236   1.00000  
 13  0.0000   1732.690688  x:  0.00245   0.00302   0.09647   0.02046   2.99281   0.44236   1.00000  
 14  0.0033   1732.690688  x:  0.00245   0.00302   0.09647   0.02046   2.99281   0.44236   1.00000  
 15  0.0163   1732.690688  x:  0.00245   0.00302   0.09647   0.02046   2.99281   0.44236   1.00000  
 16  0.0017   1732.690688  x:  0.00245   0.00302   0.09647   0.02046   2.99281   0.44236   1.00000  
 17  0.0004   1732.690688  x:  0.00245   0.00302   0.09647   0.02046   2.99281   0.44236   1.00000  
 18  0.0000   1732.690688  x:  0.00245   0.00302   0.09647   0.02046   2.99281   0.44236   1.00000  
 19  0.0000   1732.690688  x:  0.00245   0.00302   0.09647   0.02046   2.99281   0.44236   1.00000  
 20  0.0000   1732.690688  x:  0.00245   0.00302   0.09647   0.02046   2.99281   0.44236   1.00000  
check convergence!
