

TREE # 1

  0  0.0000   1191.911085  x:  0.00000   0.41112   0.04361   0.01800   2.00000   0.86115   0.54492  
  1 99.0000   1191.910792  x:  0.00000   0.41112   0.04361   0.01800   2.00000   0.86115   0.54492  
  2 210.3754   1190.033445  x:  0.00000   0.44608   0.01660   0.03235   1.99658   0.85723   0.54440  
  3 79.4207   1187.425015  x:  0.00000   0.57637   0.03403   0.02724   1.98168   0.84031   0.54115  
  4 79.2441   1183.055229  x:  0.00000   0.58157   0.03362   0.02970   1.56733   0.36156   0.22833  
  5  7.6228   1181.335117  x:  0.00000   0.58995   0.03402   0.03149   1.37503   0.26233   0.00000  
  6 35.4755   1179.720390  x:  0.00000   0.58625   0.03321   0.03115   0.88268   0.32293   0.00000  
  7  6.1063   1173.817083  x:  0.00000   0.59039   0.02581   0.00314   0.91281   0.52579   0.00000  
  8  0.3289   1173.674301  x:  0.00568   0.59086   0.02498   0.00000   0.91618   0.54849   0.00000  
  9 185.8310   1173.352306  x:  0.00540   0.63489   0.01960   0.00000   0.96337   0.56328   0.00000  
 10  0.0685   1173.333907  x:  0.00538   0.63835   0.01918   0.00164   0.96708   0.56444   0.00000  
 11 79.1167   1173.222555  x:  0.00460   0.66698   0.02339   0.00107   0.97793   0.55178   0.00000  
 12  0.0374   1173.217498  x:  0.00446   0.67116   0.02332   0.00112   0.95871   0.55690   0.00000  
 13  0.0256   1173.217136  x:  0.00449   0.67246   0.02311   0.00112   0.95803   0.55577   0.00000  
 14  0.0020   1173.217133  x:  0.00449   0.67249   0.02309   0.00112   0.95841   0.55587   0.00000  
 15  0.0004   1173.217133  x:  0.00449   0.67248   0.02309   0.00112   0.95841   0.55588   0.00000  
 16  0.0000   1173.217133  x:  0.00449   0.67248   0.02309   0.00112   0.95841   0.55588   0.00000  