

TREE # 1

  0  0.0000   1236.205028  x:  0.00894   0.00818   0.00198   0.01008   0.01925   0.00000   0.00923   0.12894   0.00587   0.05508   0.04032   0.03586   2.00000   0.59867   0.16809  
  1 99.0000   1236.204301  x:  0.00894   0.00818   0.00198   0.01008   0.01925   0.00000   0.00923   0.12894   0.00586   0.05508   0.04032   0.03586   2.00000   0.59867   0.16809  
  2 450.7161   1234.710606  x:  0.00899   0.01126   0.00167   0.01129   0.02046   0.00000   0.00904   0.12921   0.00000   0.05492   0.04046   0.03591   2.00011   0.59883   0.16782  
  3 417.3232   1234.658364  x:  0.00902   0.01055   0.00170   0.01312   0.02229   0.00000   0.00890   0.13005   0.00000   0.05460   0.04072   0.03594   2.00046   0.59931   0.16698  
  4 38.1441   1234.409966  x:  0.00960   0.01059   0.00179   0.01297   0.02214   0.00000   0.01185   0.14930   0.00000   0.04923   0.04492   0.03652   2.00867   0.61081   0.14693  
  5 19.7515   1234.153419  x:  0.00954   0.01056   0.00187   0.01248   0.02165   0.00000   0.00791   0.16697   0.00000   0.04707   0.04650   0.03646   2.01658   0.62184   0.12759  
  6 238.3203   1233.610228  x:  0.00764   0.01087   0.00198   0.01276   0.02193   0.00000   0.00894   0.20650   0.00000   0.05572   0.03986   0.03456   2.03641   0.64911   0.07888  
  7 183.2667   1233.547401  x:  0.01012   0.01085   0.00198   0.01277   0.02196   0.00000   0.00888   0.20891   0.00000   0.05707   0.03946   0.03704   2.03941   0.65257   0.07150  
  8 54.5716   1233.166477  x:  0.00937   0.01092   0.00219   0.01269   0.02206   0.00000   0.00878   0.19890   0.00000   0.06056   0.04736   0.03628   2.06867   0.67888   0.00000  
  9 38.4499   1233.166477  x:  0.00937   0.01092   0.00219   0.01269   0.02206   0.00000   0.00878   0.19890   0.00000   0.06056   0.04736   0.03628   2.06867   0.67888   0.00000  
 10 69.9020   1232.872578  x:  0.00938   0.01150   0.00534   0.01279   0.02216   0.00000   0.00882   0.19880   0.00000   0.06027   0.04701   0.03629   2.06871   0.67876   0.00000  
 11 250.5357   1232.747150  x:  0.00924   0.01504   0.00509   0.01356   0.02293   0.00000   0.00908   0.19793   0.00000   0.05765   0.04420   0.03615   2.06907   0.67765   0.00005  
 12 49.8826   1232.648214  x:  0.00905   0.01353   0.00514   0.01362   0.02300   0.00000   0.00856   0.19606   0.00000   0.05345   0.03998   0.03596   2.06985   0.67526   0.00013  
 13 41.3202   1232.629234  x:  0.00907   0.01342   0.00515   0.01313   0.02252   0.00000   0.00967   0.19469   0.00000   0.05264   0.03999   0.03598   2.07044   0.67362   0.00010  
 14 19.9898   1232.587480  x:  0.00912   0.01358   0.00515   0.01274   0.02215   0.00000   0.00938   0.19236   0.00000   0.05196   0.04057   0.03603   2.07144   0.67085   0.00000  
 15 42.3529   1232.417617  x:  0.00894   0.01285   0.00522   0.01528   0.02481   0.00000   0.00991   0.17404   0.00000   0.05082   0.04327   0.03585   2.07956   0.64909   0.00000  
 16 114.1479   1232.280982  x:  0.00897   0.01319   0.00517   0.01443   0.02406   0.00000   0.00986   0.15905   0.00000   0.05590   0.04001   0.03588   2.08695   0.63098   0.00000  
 17 82.5544   1232.270914  x:  0.01001   0.01317   0.00515   0.01451   0.02417   0.00000   0.00988   0.16052   0.00000   0.05599   0.03993   0.03692   2.09150   0.62900   0.00000  
 18  4.3008   1232.116619  x:  0.00907   0.01331   0.00518   0.01420   0.02454   0.00000   0.00994   0.18738   0.00000   0.05727   0.04004   0.03598   2.16979   0.59726   0.00000  
 19 42.7079   1230.429378  x:  0.00894   0.01305   0.00508   0.00684   0.03020   0.00000   0.00943   0.15301   0.00000   0.05408   0.03992   0.03584   3.50249   0.62084   0.00000  
 20 12.7973   1230.411972  x:  0.00897   0.01311   0.00508   0.00000   0.03697   0.00000   0.00935   0.15431   0.00000   0.05420   0.04017   0.03587   3.51114   0.61848   0.00000  
 21  0.1449   1230.411516  x:  0.00897   0.01310   0.00508   0.00000   0.03658   0.00000   0.00936   0.15415   0.00000   0.05418   0.04014   0.03586   3.51015   0.61875   0.00000  
 22  3.2859   1230.411516  x:  0.00897   0.01310   0.00508   0.00000   0.03658   0.00000   0.00936   0.15415   0.00000   0.05418   0.04014   0.03586   3.51015   0.61875   0.00000  
 23  0.0262   1230.406424  x:  0.01235   0.01329   0.00506   0.00000   0.03639   0.00000   0.00905   0.15527   0.00000   0.05507   0.04096   0.03251   3.50828   0.61931   0.00000  
 24  0.0846   1230.339183  x:  0.01006   0.01336   0.00509   0.00000   0.03604   0.00000   0.00904   0.16846   0.00000   0.05390   0.04135   0.03533   3.56648   0.59239   0.00000  
 25  0.0378   1230.330285  x:  0.00283   0.01342   0.00511   0.00000   0.03608   0.00000   0.00897   0.16329   0.00000   0.05393   0.04176   0.04260   3.66105   0.58663   0.00000  
 26  0.0596   1230.329679  x:  0.00000   0.01341   0.00511   0.00000   0.03606   0.00000   0.00898   0.16374   0.00000   0.05394   0.04170   0.04539   3.67294   0.58700   0.00000  
 27  0.0237   1230.329675  x:  0.00000   0.01341   0.00511   0.00000   0.03606   0.00000   0.00898   0.16373   0.00000   0.05394   0.04170   0.04536   3.67270   0.58699   0.00000  
 28  2.4409   1230.329675  x:  0.00000   0.01341   0.00511   0.00000   0.03606   0.00000   0.00898   0.16373   0.00000   0.05394   0.04170   0.04536   3.67270   0.58699   0.00000  
 29  0.0106   1230.329254  x:  0.00000   0.01336   0.00497   0.00000   0.03604   0.00000   0.00892   0.16373   0.00000   0.05393   0.04167   0.04535   3.67270   0.58699   0.00000  
 30  5.2041   1230.329166  x:  0.00000   0.01329   0.00500   0.00000   0.03600   0.00000   0.00888   0.16375   0.00000   0.05392   0.04161   0.04533   3.67270   0.58700   0.00000  
 31  1.6587   1230.329123  x:  0.00000   0.01328   0.00499   0.00000   0.03596   0.00000   0.00892   0.16377   0.00000   0.05390   0.04153   0.04532   3.67271   0.58702   0.00000  
 32  1.1399   1230.329107  x:  0.00000   0.01331   0.00499   0.00000   0.03594   0.00000   0.00890   0.16380   0.00000   0.05389   0.04149   0.04531   3.67271   0.58704   0.00000  
 33  0.7495   1230.329051  x:  0.00000   0.01331   0.00499   0.00000   0.03602   0.00000   0.00890   0.16417   0.00000   0.05382   0.04147   0.04527   3.67276   0.58733   0.00000  
 34  0.2969   1230.328985  x:  0.00000   0.01331   0.00499   0.00000   0.03594   0.00000   0.00890   0.16465   0.00000   0.05385   0.04153   0.04530   3.67283   0.58771   0.00000  
 35  1.4538   1230.328978  x:  0.00000   0.01331   0.00499   0.00000   0.03596   0.00000   0.00890   0.16469   0.00000   0.05390   0.04151   0.04531   3.67285   0.58777   0.00000  
 36  0.3034   1230.328955  x:  0.00000   0.01331   0.00499   0.00000   0.03595   0.00000   0.00890   0.16453   0.00000   0.05391   0.04151   0.04526   3.67301   0.58829   0.00000  
 37  0.1178   1230.328947  x:  0.00004   0.01331   0.00499   0.00000   0.03595   0.00000   0.00890   0.16448   0.00000   0.05390   0.04151   0.04528   3.67308   0.58847   0.00000  
 38  1.2956   1230.328945  x:  0.00000   0.01331   0.00499   0.00000   0.03595   0.00000   0.00890   0.16447   0.00000   0.05389   0.04151   0.04531   3.67313   0.58848   0.00000  
 39  0.0338   1230.328629  x:  0.00000   0.01331   0.00499   0.00000   0.03595   0.00000   0.00890   0.16451   0.00000   0.05388   0.04151   0.04533   3.70104   0.58803   0.00000  
 40  0.0528   1230.328628  x:  0.00000   0.01331   0.00499   0.00000   0.03595   0.00000   0.00890   0.16451   0.00000   0.05389   0.04151   0.04531   3.70113   0.58803   0.00000  
 41  0.0031   1230.328628  x:  0.00000   0.01331   0.00499   0.00000   0.03595   0.00000   0.00890   0.16451   0.00000   0.05389   0.04151   0.04531   3.70105   0.58806   0.00000  
 42  0.0000   1230.328628  x:  0.00000   0.01331   0.00499   0.00000   0.03595   0.00000   0.00890   0.16451   0.00000   0.05389   0.04151   0.04531   3.70109   0.58805   0.00000  
 43  0.0000   1230.328628  x:  0.00000   0.01331   0.00499   0.00000   0.03595   0.00000   0.00890   0.16451   0.00000   0.05389   0.04151   0.04531   3.70109   0.58805   0.00000  