

TREE # 1

  0  0.0000   2861.092173  x:  0.36141   0.00802   0.02401   0.37941   2.00000   0.86115   0.54492  
  1 99.0000   2860.572624  x:  0.36069   0.01440   0.02252   0.37868   2.00042   0.86280   0.53966  
  2 144.0296   2858.172431  x:  0.35586   0.01476   0.01103   0.37386   2.00329   0.87416   0.50320  
  3 182.1030   2834.535620  x:  0.31908   0.01507   0.01000   0.33708   2.02606   0.96474   0.21232  
  4 1196.5223   2829.432029  x:  0.33759   0.01547   0.00862   0.35558   2.03236   0.93665   0.11368  
  5 167.9902   2829.047408  x:  0.32607   0.01539   0.00898   0.34407   2.03764   0.91938   0.10306  
  6 33.9437   2823.796183  x:  0.40371   0.01539   0.01004   0.42171   3.19380   0.87209   0.09618  
  7  5.5114   2818.383418  x:  0.44977   0.01462   0.01407   0.46776   2.29617   0.84220   0.06090  
  8  1.4764   2816.968476  x:  0.45057   0.01366   0.01704   0.46856   2.04538   0.83733   0.08127  
  9  0.7601   2816.447857  x:  0.45787   0.01234   0.02023   0.47587   2.35127   0.81638   0.07955  
 10  0.2519   2816.236429  x:  0.46308   0.01106   0.02174   0.48108   2.23824   0.79467   0.07062  
 11  0.0819   2816.218129  x:  0.45741   0.01164   0.02174   0.47540   2.24794   0.79112   0.06928  
 12  0.0064   2816.216568  x:  0.45646   0.01155   0.02153   0.47445   2.24333   0.79007   0.06951  
 13  0.0031   2816.216545  x:  0.45653   0.01158   0.02148   0.47452   2.24374   0.79016   0.06954  
 14  0.0003   2816.216544  x:  0.45655   0.01158   0.02148   0.47455   2.24376   0.79010   0.06951  
 15  0.0001   2816.216544  x:  0.45656   0.01158   0.02148   0.47455   2.24380   0.79010   0.06951  