

TREE # 1

  0  0.0000   1284.978958  x:  0.05536   0.11803   0.00000   0.07335   2.00000   0.86115   0.54492  
  1 99.0000   1284.978369  x:  0.05536   0.11804   0.00000   0.07335   2.00000   0.86115   0.54492  
  2 108.2631   1284.724423  x:  0.06876   0.12118   0.00000   0.08673   2.01539   0.85693   0.52636  
  3 17.5442   1280.992448  x:  0.05610   0.19706   0.00000   0.07350   2.37133   0.75136   0.09850  
  4 33.5802   1279.215091  x:  0.05385   0.21635   0.00000   0.07106   2.47995   0.59456   0.00000  
  5 30.7901   1278.442132  x:  0.05833   0.20750   0.00000   0.07527   1.84507   0.51002   0.00000  
  6  0.9527   1278.378834  x:  0.05806   0.21829   0.00000   0.07448   1.96390   0.48273   0.00000  
  7  0.1217   1278.346026  x:  0.05944   0.22281   0.00000   0.07499   1.83260   0.47680   0.00000  
  8  0.0740   1278.321598  x:  0.05966   0.22927   0.00000   0.07426   1.83671   0.50228   0.00000  
  9  0.0109   1278.321318  x:  0.05931   0.22930   0.00000   0.07388   1.82937   0.50255   0.00000  
 10  0.0079   1278.321317  x:  0.05931   0.22929   0.00000   0.07387   1.82960   0.50256   0.00000  
 11  0.0002   1278.321317  x:  0.05931   0.22929   0.00000   0.07387   1.82959   0.50256   0.00000  
 12  0.0000   1278.321317  x:  0.05931   0.22929   0.00000   0.07387   1.82959   0.50256   0.00000  
 13  0.0000   1278.321317  x:  0.05931   0.22929   0.00000   0.07387   1.82959   0.50256   0.00000  
check convergence!
