

TREE # 1

  0  0.0000    482.794604  x:  0.00000   0.00990   0.04289   0.01800   2.00000   0.86115   0.54492  
  1 99.0000    482.794227  x:  0.00000   0.00990   0.04289   0.01800   2.00000   0.86115   0.54492  
  2 236.2071    482.005862  x:  0.00000   0.00000   0.03238   0.03175   1.99991   0.85425   0.53939  
  3 54.3908    475.141119  x:  0.00000   0.00000   0.00000   0.00611   1.99994   0.85990   0.54376  
  4 53.3612    475.141119  x:  0.00000   0.00000   0.00000   0.00611   1.99994   0.85990   0.54376  
  5 12.4686    474.415412  x:  0.00000   0.00000   0.00000   0.00000   1.99994   0.85990   0.54376  
  6 118.7200    474.415412  x:  0.00000   0.00000   0.00000   0.00000   1.99994   0.85992   0.54377  
  7  0.0000    474.415412  x:  0.00000   0.00000   0.00000   0.00000   1.99994   0.85992   0.54377  
  8  0.0017    474.415412  x:  0.00000   0.00000   0.00000   0.00000   1.99995   0.85988   0.54384  
  9  0.0000    474.415412  x:  0.00000   0.00000   0.00000   0.00000   1.99995   0.85988   0.54384  
 10  0.1675    474.415412  x:  0.00000   0.00000   0.00000   0.00000   1.99997   0.85985   0.54386  
 11  0.0000    474.415408  x:  0.00000   0.00000   0.00000   0.00000   2.30300   0.46981   0.86117  
 12  0.0734    474.415407  x:  0.00000   0.00000   0.00000   0.00000   2.43559   0.29916   1.00000  
 13  0.7219    474.415406  x:  0.00000   0.00000   0.00000   0.00000   2.66801   0.00001   1.00000  
 14  0.6694    474.415406  x:  0.00000   0.00000   0.00000   0.00000   2.66801   0.00001   1.00000  
 15  3.3519    474.415406  x:  0.00000   0.00000   0.00000   0.00000   2.66804   0.00001   1.00000  
 16  0.0000    474.415406  x:  0.00000   0.00000   0.00000   0.00000   2.67174   0.00001   1.00000  
 17  0.0005    474.415392  x:  0.00000   0.00000   0.00000   0.00000  46.47655   0.00001   1.00000  
 18  5.4756    474.415392  x:  0.00000   0.00000   0.00000   0.00000  49.92780   0.00001   1.00000  
 19  0.4314    474.415391  x:  0.00000   0.00000   0.00000   0.00000  141.37735   0.00001   1.00000  
 20 11.4312    474.415391  x:  0.00000   0.00000   0.00000   0.00000  344.20965   0.00001   1.00000  
 21 25.3540    474.415391  x:  0.00000   0.00000   0.00000   0.00000  344.20965   0.00001   1.00000  