

TREE # 1

  0  0.0000   1843.686907  x:  0.00000   0.01107   0.03422   0.01018   0.03696   0.21565   2.00000   0.65480   0.33797  
  1 99.0000   1843.685544  x:  0.00000   0.01107   0.03422   0.01018   0.03696   0.21565   2.00000   0.65480   0.33797  
  2 763.2555   1828.887815  x:  0.00000   0.00172   0.02214   0.00000   0.02683   0.22341   1.99994   0.65471   0.33737  
  3 13392.7658   1827.136403  x:  0.00000   0.00000   0.02214   0.00000   0.02373   0.22425   1.99970   0.65467   0.33653  
  4 289.3929   1827.136403  x:  0.00000   0.00000   0.02214   0.00000   0.02373   0.22425   1.99970   0.65467   0.33653  
  5 428925739.8755   1813.764239  x:  0.00000   0.00000   0.00149   0.00000   0.00000   0.23096   1.99983   0.65454   0.33605  
  6 469.3621   1810.926093  x:  0.00000   0.00000   0.00298   0.00000   0.00000   0.29986   2.00123   0.65312   0.33075  
  7 100.1561   1807.978652  x:  0.00000   0.00000   0.00311   0.00000   0.00000   0.30725   2.07635   0.59965   0.00000  
  8  9.5417   1807.978652  x:  0.00000   0.00000   0.00311   0.00000   0.00000   0.30725   2.07635   0.59965   0.00000  
  9 50.9359   1807.972327  x:  0.00000   0.00000   0.00278   0.00000   0.00000   0.30735   2.07636   0.59943   0.00001  
 10 30.1897   1807.495547  x:  0.00000   0.00000   0.00296   0.00000   0.00000   0.33157   2.07944   0.55017   0.00196  
 11 27.7052   1807.446006  x:  0.00000   0.00000   0.00296   0.00000   0.00000   0.33006   2.07995   0.54620   0.00000  
 12 17.1695   1807.323115  x:  0.00000   0.00000   0.00295   0.00000   0.00000   0.33856   2.23389   0.51846   0.00000  
 13  1.4313   1807.163636  x:  0.00000   0.00000   0.00295   0.00000   0.00000   0.32631   2.44455   0.53058   0.00000  
 14  6.8670   1807.093179  x:  0.00000   0.00000   0.00293   0.00000   0.00000   0.31620   2.41765   0.50732   0.00000  
 15  0.0433   1807.092703  x:  0.00000   0.00000   0.00293   0.00000   0.00000   0.31709   2.41675   0.50589   0.00000  
 16  0.0019   1807.092699  x:  0.00000   0.00000   0.00293   0.00000   0.00000   0.31705   2.41763   0.50571   0.00000  
 17  0.0008   1807.092699  x:  0.00000   0.00000   0.00293   0.00000   0.00000   0.31705   2.41769   0.50572   0.00000  
 18  0.0001   1807.092699  x:  0.00000   0.00000   0.00293   0.00000   0.00000   0.31705   2.41769   0.50572   0.00000  
 19  0.0000   1807.092699  x:  0.00000   0.00000   0.00293   0.00000   0.00000   0.31705   2.41769   0.50572   0.00000  
 20  0.0000   1807.092699  x:  0.00000   0.00000   0.00293   0.00000   0.00000   0.31705   2.41769   0.50572   0.00000  
 21  0.0000   1807.092699  x:  0.00000   0.00000   0.00293   0.00000   0.00000   0.31705   2.41769   0.50572   0.00000  
 22  0.0000   1807.092699  x:  0.00000   0.00000   0.00293   0.00000   0.00000   0.31705   2.41769   0.50572   0.00000  
 23  0.0000   1807.092699  x:  0.00000   0.00000   0.00293   0.00000   0.00000   0.31705   2.41769   0.50572   0.00000  
check convergence!
