

TREE # 1

  0  0.0000   2333.222735  x:  0.00000   0.01592   0.06273   0.02166   0.13839   0.07083   0.03458   0.04759   2.00000   0.85288   0.19289  
  1 99.0000   2333.220725  x:  0.00000   0.01592   0.06273   0.02166   0.13839   0.07083   0.03458   0.04759   2.00000   0.85288   0.19289  
  2 1033.0706   2273.465539  x:  0.00000   0.00939   0.02980   0.00797   0.15017   0.03562   0.00000   0.00679   1.99368   0.84839   0.17341  
  3 5193.9066   2264.899934  x:  0.00000   0.00818   0.02429   0.00563   0.15223   0.02974   0.00009   0.00000   1.99266   0.84763   0.17028  
  4 3723.9239   2253.943463  x:  0.00000   0.00156   0.00749   0.01534   0.16034   0.01022   0.00020   0.00000   1.99106   0.84456   0.16525  
  5 1502.6832   2252.182872  x:  0.00000   0.00356   0.00408   0.01680   0.16390   0.00503   0.00021   0.00000   1.99124   0.84340   0.16585  
  6 1313.8248   2251.683143  x:  0.00000   0.00361   0.00549   0.01716   0.16578   0.00262   0.00021   0.00000   1.99096   0.84259   0.16494  
  7 363.1052   2247.058827  x:  0.00000   0.00592   0.01042   0.02510   0.22142   0.00704   0.00026   0.00000   1.98128   0.81697   0.13301  
  8 249.5427   2239.477462  x:  0.00000   0.00299   0.00587   0.00792   0.25045   0.00454   0.00006   0.00000   1.96940   0.75214   0.08354  
  9 116.6005   2237.488518  x:  0.00000   0.00368   0.00706   0.01208   0.23866   0.00508   0.00010   0.00000   1.98264   0.64213   0.08069  
 10 48.5089   2235.344473  x:  0.00000   0.00354   0.00684   0.01141   0.24296   0.00484   0.00009   0.00000   2.22215   0.61812   0.00000  
 11  8.6652   2232.339860  x:  0.00000   0.00387   0.00701   0.00668   0.23276   0.00493   0.00014   0.00000   1.38662   0.65848   0.00000  
 12  0.9916   2231.771153  x:  0.00000   0.00382   0.00589   0.00934   0.24939   0.00338   0.00023   0.00000   1.28809   0.65963   0.00000  
 13  0.0991   2231.423599  x:  0.00000   0.00460   0.00707   0.00781   0.25957   0.00360   0.00030   0.00000   1.43992   0.64463   0.00000  
 14  0.1349   2231.199039  x:  0.00000   0.00530   0.00806   0.00728   0.25637   0.00441   0.00039   0.00000   1.30267   0.64870   0.00000  
 15  0.0939   2230.771309  x:  0.00000   0.00553   0.00700   0.00901   0.24709   0.00416   0.00072   0.00000   1.44200   0.65635   0.00000  
 16  0.0378   2230.527781  x:  0.00000   0.00531   0.00624   0.00696   0.24951   0.00356   0.00095   0.00000   1.38999   0.64511   0.00000  
 17  0.0380   2230.316667  x:  0.00000   0.00528   0.00723   0.00791   0.25160   0.00453   0.00141   0.00000   1.30855   0.64280   0.00000  
 18  0.0321   2230.184164  x:  0.00000   0.00462   0.00684   0.00755   0.25262   0.00425   0.00190   0.00000   1.39515   0.65123   0.00000  
 19  0.0392   2230.158328  x:  0.00000   0.00452   0.00704   0.00761   0.25128   0.00409   0.00219   0.00000   1.36036   0.64625   0.00000  
 20  0.0187   2230.155021  x:  0.00000   0.00463   0.00711   0.00766   0.25133   0.00409   0.00231   0.00000   1.36979   0.64821   0.00000  
 21  0.0052   2230.154604  x:  0.00000   0.00468   0.00705   0.00764   0.25145   0.00408   0.00233   0.00000   1.36770   0.64754   0.00000  
 22  0.0013   2230.154590  x:  0.00000   0.00468   0.00704   0.00764   0.25145   0.00409   0.00233   0.00000   1.36788   0.64767   0.00000  
 23  0.0002   2230.154590  x:  0.00000   0.00468   0.00704   0.00764   0.25145   0.00410   0.00233   0.00000   1.36784   0.64766   0.00000  
 24  0.0000   2230.154590  x:  0.00000   0.00468   0.00704   0.00764   0.25145   0.00410   0.00233   0.00000   1.36784   0.64766   0.00000  
 25  0.0000   2230.154590  x:  0.00000   0.00468   0.00704   0.00764   0.25145   0.00410   0.00233   0.00000   1.36784   0.64766   0.00000  
 26  0.0000   2230.154590  x:  0.00000   0.00468   0.00704   0.00764   0.25145   0.00410   0.00233   0.00000   1.36784   0.64766   0.00000  
check convergence!
