

TREE # 1

  0  0.0000   2385.306246  x:  0.00000   0.01836   0.08007   0.03008   0.09445   0.08898   2.00000   0.65480   0.33797  
  1 99.0000   2385.305296  x:  0.00000   0.01835   0.08007   0.03008   0.09445   0.08898   2.00000   0.65480   0.33797  
  2 704.9617   2366.265851  x:  0.00000   0.00000   0.06978   0.01425   0.08435   0.03445   2.00054   0.65590   0.34584  
  3 1403.3469   2355.215642  x:  0.00000   0.00124   0.06325   0.01316   0.07810   0.00265   2.00088   0.65653   0.34896  
  4 2621.0887   2354.543761  x:  0.00000   0.00091   0.06120   0.01539   0.07632   0.00137   2.00120   0.65738   0.35937  
  5 117.8194   2353.674093  x:  0.00352   0.00053   0.05753   0.01812   0.07323   0.00000   2.00167   0.65856   0.37293  
  6 1944.6662   2353.347941  x:  0.00236   0.00071   0.05047   0.01812   0.06921   0.00103   2.00222   0.65958   0.37761  
  7 121.5189   2353.313672  x:  0.00213   0.00071   0.05169   0.01811   0.06640   0.00127   2.00390   0.66215   0.37776  
  8 11.8724   2350.439398  x:  0.00183   0.00097   0.05439   0.02005   0.06947   0.00177   2.18853   0.94358   0.37904  
  9 21.6374   2345.955808  x:  0.00201   0.00218   0.06683   0.02982   0.07886   0.00256   3.00353   0.70106   0.41063  
 10  6.7417   2344.524007  x:  0.00000   0.00246   0.05989   0.03256   0.07316   0.00397   3.28920   0.77454   0.41410  
 11  0.3026   2343.949269  x:  0.00000   0.00284   0.05925   0.03569   0.07294   0.00124   3.12233   0.82663   0.40978  
 12  0.4730   2343.715944  x:  0.00200   0.00301   0.05895   0.03710   0.07284   0.00000   3.04710   0.85011   0.40784  
 13 6614.0314   2343.253723  x:  0.00054   0.00379   0.05455   0.04166   0.06985   0.00077   3.23063   0.90593   0.38943  
 14  0.2038   2342.870827  x:  0.00144   0.00428   0.05492   0.04345   0.07012   0.00000   3.33828   0.84897   0.37046  
 15  0.1292   2342.720022  x:  0.00000   0.00472   0.05533   0.04470   0.07014   0.00000   3.40411   0.81039   0.35126  
 16  0.3851   2342.720022  x:  0.00000   0.00472   0.05533   0.04470   0.07014   0.00000   3.40411   0.81039   0.35126  
 17 24232.0962   2342.346162  x:  0.00071   0.00645   0.05536   0.04452   0.07015   0.00071   3.40411   0.81039   0.35123  
 18 454.0850   2342.090154  x:  0.00000   0.00777   0.05544   0.04414   0.07019   0.00000   3.40411   0.81039   0.35118  
 19 216.8625   2342.063449  x:  0.00000   0.00736   0.05605   0.04212   0.06998   0.00000   3.40410   0.81038   0.35059  
 20 22.9431   2342.047584  x:  0.00000   0.00751   0.05732   0.04234   0.06833   0.00000   3.40401   0.81033   0.34638  
 21  7.3103   2341.739097  x:  0.00000   0.00763   0.05430   0.04180   0.06699   0.00000   3.40201   0.80870   0.25293  
 22 28.9229   2341.680690  x:  0.00000   0.00754   0.05677   0.04240   0.06954   0.00000   3.40155   0.80749   0.23324  
 23 123.7936   2340.695450  x:  0.00000   0.00775   0.05712   0.04257   0.07022   0.00000   3.38726   0.57975   0.00000  
 24  9.8322   2340.636763  x:  0.00000   0.00861   0.05725   0.04119   0.07137   0.00000   3.33451   0.56131   0.00000  
 25  0.1385   2340.628154  x:  0.00000   0.00886   0.05724   0.04081   0.07170   0.00000   3.30950   0.57108   0.00000  
 26  0.0983   2340.627546  x:  0.00000   0.00887   0.05719   0.04102   0.07192   0.00000   3.29200   0.57109   0.00000  
 27  0.0213   2340.627516  x:  0.00000   0.00887   0.05719   0.04104   0.07199   0.00000   3.29646   0.57105   0.00000  
 28  0.0057   2340.627516  x:  0.00000   0.00888   0.05719   0.04104   0.07199   0.00000   3.29636   0.57103   0.00000  
 29  0.0001   2340.627516  x:  0.00000   0.00888   0.05719   0.04104   0.07199   0.00000   3.29636   0.57103   0.00000  