

TREE # 1

  0  0.0000    730.282127  x:  0.01842   0.02950   0.07022   0.04216   0.00718   0.00687   0.05980   0.07465   2.00000   0.85288   0.19289  
  1 99.0000    728.784468  x:  0.01808   0.02915   0.07098   0.04255   0.00609   0.02577   0.05939   0.07584   2.00029   0.85154   0.19351  
  2 255.2210    728.362100  x:  0.01270   0.02377   0.08079   0.04839   0.00482   0.02554   0.05028   0.08841   2.00452   0.83216   0.20287  
  3 27.8516    728.220805  x:  0.01478   0.02585   0.08438   0.04875   0.00879   0.02568   0.04794   0.09266   2.00701   0.82160   0.20771  
  4 62.5279    728.002963  x:  0.01919   0.03026   0.08722   0.04576   0.00521   0.02539   0.04773   0.09648   2.01162   0.80320   0.21572  
  5 71.3979    727.502934  x:  0.01582   0.02689   0.08273   0.03609   0.00746   0.02543   0.05921   0.09399   2.02670   0.74877   0.23734  
  6 60.9902    727.180286  x:  0.01704   0.02811   0.07351   0.04664   0.00699   0.02561   0.06118   0.08265   2.03970   0.70923   0.25046  
  7 63.6269    727.122704  x:  0.01664   0.02771   0.07259   0.04408   0.00716   0.02577   0.05541   0.07760   2.04508   0.70191   0.24937  
  8 15.5110    724.999950  x:  0.01657   0.02764   0.08929   0.04590   0.00629   0.02526   0.05982   0.07331   2.37641   0.51056   0.00000  
  9  8.9425    724.502670  x:  0.01711   0.02818   0.07365   0.04395   0.00665   0.02497   0.05443   0.08673   2.54650   0.41402   0.00000  
 10 225.5526    723.638939  x:  0.01713   0.02820   0.06260   0.04304   0.00689   0.02521   0.05145   0.09169   3.08381   0.53673   0.00000  
 11  3.3673    722.378810  x:  0.01659   0.02765   0.09289   0.04755   0.00615   0.02546   0.05761   0.08663   4.23237   0.43703   0.00000  
 12  0.8957    722.063431  x:  0.01653   0.02759   0.07791   0.04433   0.00580   0.02577   0.05093   0.08857   5.02354   0.44557   0.00000  
 13  0.3409    722.023065  x:  0.01666   0.02772   0.08003   0.04589   0.00625   0.02579   0.05560   0.08745   5.31813   0.44941   0.00000  
 14  0.2031    722.017187  x:  0.01671   0.02778   0.08074   0.04551   0.00609   0.02575   0.05414   0.08743   5.47772   0.44474   0.00000  
 15  0.1070    722.017103  x:  0.01666   0.02772   0.08056   0.04554   0.00608   0.02570   0.05426   0.08755   5.49017   0.44442   0.00000  
 16  0.0106    722.017091  x:  0.01666   0.02773   0.08062   0.04555   0.00609   0.02564   0.05425   0.08759   5.49103   0.44461   0.00000  
 17  0.0004    722.017089  x:  0.01666   0.02773   0.08059   0.04554   0.00609   0.02562   0.05425   0.08756   5.48954   0.44453   0.00000  
 18  0.0011    722.017089  x:  0.01666   0.02773   0.08059   0.04554   0.00609   0.02562   0.05425   0.08756   5.48963   0.44453   0.00000  
 19  0.0001    722.017089  x:  0.01666   0.02773   0.08059   0.04554   0.00609   0.02562   0.05425   0.08756   5.48965   0.44453   0.00000  
 20  0.0000    722.017089  x:  0.01666   0.02773   0.08059   0.04554   0.00609   0.02562   0.05425   0.08756   5.48965   0.44453   0.00000  
 21  0.0000    722.017089  x:  0.01666   0.02773   0.08059   0.04554   0.00609   0.02562   0.05425   0.08756   5.48964   0.44453   0.00000  