

TREE # 1

  0  0.0000    590.211063  x:  0.00000   0.01724   0.09538   0.03060   0.07923   0.08898   2.00000   0.65480   0.33797  
  1 99.0000    590.210673  x:  0.00000   0.01724   0.09538   0.03060   0.07923   0.08898   2.00000   0.65480   0.33797  
  2 237.0990    583.899992  x:  0.00000   0.00000   0.10185   0.02974   0.06200   0.07201   2.00001   0.65484   0.33738  
  3 363631.6170    568.632164  x:  0.00000   0.00000   0.12200   0.02726   0.00000   0.01076   1.99998   0.65497   0.33498  
  4 137316.3556    567.293565  x:  0.00000   0.00000   0.12522   0.03071   0.00000   0.00000   2.00007   0.65506   0.33468  
  5 365.7693    567.266296  x:  0.00000   0.00000   0.13251   0.02888   0.00000   0.00000   2.00086   0.65798   0.33365  
  6  1.2515    567.259711  x:  0.00000   0.00000   0.13241   0.02887   0.00000   0.00000   2.00954   0.68445   0.33264  
  7  0.3472    566.856537  x:  0.00000   0.00000   0.13112   0.02368   0.00000   0.00000   3.12431   0.66555   0.16436  
  8  0.1409    566.083815  x:  0.00000   0.00000   0.13310   0.02182   0.00000   0.00000   4.14070   0.67797   0.00000  
  9  5.0123    564.226804  x:  0.00000   0.00000   0.12474   0.02575   0.00000   0.00000   1.57322   0.58931   0.00000  
 10 36.6287    563.875534  x:  0.00000   0.00000   0.12174   0.02384   0.00000   0.00000   1.03877   0.64798   0.00000  
 11  1.4245    563.012323  x:  0.00000   0.00000   0.11998   0.02016   0.00000   0.00000   0.91756   0.80759   0.00000  
 12  0.6707    562.545193  x:  0.00000   0.00000   0.14556   0.02730   0.00000   0.00000   1.06284   0.83199   0.00000  
 13  0.0806    562.463544  x:  0.00000   0.00000   0.15119   0.02921   0.00000   0.00000   1.05028   0.80403   0.00000  
 14  0.0679    562.419771  x:  0.00000   0.00000   0.15442   0.03054   0.00000   0.00000   0.88661   0.81554   0.00000  
 15  0.2272    562.417316  x:  0.00000   0.00000   0.15566   0.03115   0.00000   0.00000   0.89521   0.81886   0.00000  
 16  0.0076    562.417248  x:  0.00000   0.00000   0.15586   0.03131   0.00000   0.00000   0.89295   0.81853   0.00000  
 17  0.0020    562.417247  x:  0.00000   0.00000   0.15583   0.03132   0.00000   0.00000   0.89363   0.81846   0.00000  
 18  0.0007    562.417247  x:  0.00000   0.00000   0.15582   0.03132   0.00000   0.00000   0.89356   0.81847   0.00000  
 19  0.0001    562.417247  x:  0.00000   0.00000   0.15582   0.03132   0.00000   0.00000   0.89355   0.81847   0.00000  
 20  0.0000    562.417247  x:  0.00000   0.00000   0.15582   0.03132   0.00000   0.00000   0.89355   0.81847   0.00000  
 21  0.0000    562.417247  x:  0.00000   0.00000   0.15582   0.03132   0.00000   0.00000   0.89355   0.81847   0.00000  