

TREE # 1

  0  0.0000   4443.765141  x:  0.01371   0.02647   0.01981   0.01860   0.00097   0.02580   0.00778   0.00795   0.25743   0.00355   0.00882   0.01312   0.01399   0.02733   2.00000   0.57321   0.49224  
  1 99.0000   4437.860941  x:  0.01355   0.02722   0.01893   0.01994   0.01162   0.02654   0.00572   0.00680   0.25768   0.00554   0.01076   0.01187   0.01358   0.02717   1.99999   0.57320   0.49205  
  2 2619.9291   4432.749323  x:  0.01326   0.02884   0.01684   0.02265   0.01130   0.02815   0.00081   0.00259   0.25829   0.00679   0.01361   0.00916   0.01258   0.02688   1.99995   0.57317   0.49158  
  3 902.9226   4432.025935  x:  0.01309   0.02959   0.01591   0.02378   0.01122   0.02889   0.00172   0.00118   0.25861   0.00706   0.01445   0.00812   0.01214   0.02671   1.99993   0.57315   0.49132  
  4 765.9241   4431.355168  x:  0.01262   0.03131   0.01398   0.02612   0.01094   0.03055   0.00227   0.00276   0.25948   0.00717   0.01554   0.00644   0.01120   0.02624   1.99987   0.57311   0.49062  
  5 508.1360   4430.947398  x:  0.01174   0.03372   0.01241   0.02800   0.01104   0.03234   0.00221   0.00271   0.26115   0.00651   0.01451   0.00847   0.01071   0.02536   1.99975   0.57303   0.48920  
  6 223.3654   4430.693648  x:  0.01080   0.03616   0.01333   0.02830   0.01101   0.03332   0.00212   0.00263   0.26396   0.00732   0.01271   0.00781   0.01155   0.02442   1.99954   0.57289   0.48667  
  7 140.9048   4430.277788  x:  0.00978   0.03977   0.01515   0.02647   0.01105   0.03321   0.00216   0.00267   0.27166   0.00616   0.01427   0.00779   0.01087   0.02340   1.99893   0.57247   0.47915  
  8 160.6255   4429.788848  x:  0.01013   0.04143   0.01383   0.02463   0.01066   0.03182   0.00238   0.00299   0.28228   0.00870   0.01518   0.00875   0.01057   0.02375   1.99799   0.57185   0.46758  
  9 320.0784   4429.000022  x:  0.01116   0.03980   0.01149   0.02462   0.01105   0.02959   0.00209   0.00262   0.29818   0.00706   0.01306   0.00724   0.00995   0.02478   1.99641   0.57081   0.44766  
 10 472.3600   4427.933447  x:  0.01197   0.03364   0.01351   0.02958   0.01101   0.03016   0.00222   0.00273   0.31914   0.00641   0.01414   0.00812   0.01251   0.02559   1.99391   0.56922   0.41571  
 11 617.3898   4426.974836  x:  0.01189   0.02882   0.01454   0.02774   0.01095   0.03629   0.00213   0.00260   0.32858   0.00739   0.01333   0.00804   0.00920   0.02551   1.99133   0.56782   0.38117  
 12 302.6573   4420.399678  x:  0.01704   0.01459   0.00485   0.01129   0.01182   0.06738   0.00169   0.00221   0.38711   0.00000   0.01718   0.00562   0.02811   0.03066   1.96402   0.55431   0.00952  
 13 938.9218   4420.399678  x:  0.01704   0.01459   0.00485   0.01129   0.01182   0.06738   0.00169   0.00221   0.38711   0.00000   0.01718   0.00562   0.02811   0.03066   1.96402   0.55431   0.00952  
 14 13174.7783   4406.708727  x:  0.01731   0.02045   0.01677   0.02273   0.00916   0.06412   0.00064   0.00236   0.38629   0.01327   0.01663   0.00810   0.02587   0.03093   1.96395   0.55467   0.00813  
 15 2097.5979   4404.202458  x:  0.01711   0.02541   0.01825   0.02759   0.00736   0.06010   0.00791   0.00148   0.38518   0.01218   0.01615   0.00834   0.02163   0.03073   1.96386   0.55504   0.00637  
 16 1014.7856   4397.281456  x:  0.01595   0.03585   0.01801   0.03565   0.00489   0.04936   0.00558   0.00539   0.38207   0.00553   0.01524   0.00796   0.01057   0.02956   1.96358   0.55602   0.00148  
 17 1024.4028   4395.730124  x:  0.01537   0.03771   0.01703   0.03644   0.00548   0.04660   0.00478   0.00350   0.38112   0.00541   0.01521   0.00788   0.00965   0.02898   1.96349   0.55631   0.00000  
 18 686.3695   4394.045476  x:  0.01287   0.04284   0.01278   0.03664   0.00523   0.03703   0.00484   0.00497   0.37684   0.00749   0.01529   0.00777   0.01302   0.02649   1.96311   0.55765   0.00000  
 19 458.3847   4393.605048  x:  0.01133   0.04362   0.01559   0.03411   0.00440   0.03418   0.00478   0.00459   0.37214   0.00640   0.01551   0.00845   0.01389   0.02495   1.96268   0.55918   0.00000  
 20 153.8620   4393.413081  x:  0.01089   0.04402   0.01669   0.03296   0.00583   0.03337   0.00508   0.00505   0.36875   0.00644   0.01545   0.00815   0.01363   0.02450   1.96237   0.56032   0.00000  
 21 254.8557   4392.665889  x:  0.01079   0.04508   0.01684   0.02941   0.00486   0.03323   0.00532   0.00528   0.35266   0.00865   0.01482   0.00595   0.01110   0.02441   1.96085   0.56576   0.00000  
 22 278.7360   4391.929625  x:  0.01099   0.04600   0.01581   0.02771   0.00481   0.03416   0.00544   0.00556   0.33352   0.00987   0.01458   0.00897   0.00940   0.02460   1.95899   0.57232   0.00000  
 23 748.8207   4390.885976  x:  0.01101   0.04620   0.01552   0.03154   0.00502   0.03645   0.00486   0.00491   0.30641   0.00774   0.01527   0.00793   0.01229   0.02462   1.95614   0.58193   0.00000  
 24 541.9686   4390.787387  x:  0.01102   0.04332   0.01539   0.03259   0.00497   0.03505   0.00500   0.00495   0.30405   0.00773   0.01419   0.00794   0.01191   0.02464   1.95534   0.58365   0.00000  
 25 63.2385   4390.765527  x:  0.01130   0.04255   0.01537   0.03276   0.00496   0.03451   0.00506   0.00499   0.30365   0.00778   0.01498   0.00791   0.01173   0.02491   1.95491   0.58440   0.00000  
 26 47.7001   4390.741488  x:  0.01214   0.04260   0.01553   0.03261   0.00499   0.03407   0.00501   0.00493   0.30395   0.00762   0.01471   0.00792   0.01201   0.02575   1.95326   0.58690   0.00000  
 27 20.2127   4390.593047  x:  0.01135   0.04270   0.01534   0.03265   0.00494   0.03447   0.00500   0.00495   0.30725   0.00768   0.01476   0.00790   0.01185   0.02496   1.94075   0.60482   0.00000  
 28 61.5363   4388.799182  x:  0.01149   0.04217   0.01520   0.03252   0.00510   0.03453   0.00475   0.00458   0.30532   0.00777   0.01485   0.00789   0.01177   0.02511   1.53877   0.60933   0.00000  
 29 11.2364   4387.406365  x:  0.01142   0.04003   0.01339   0.03068   0.00597   0.03374   0.00251   0.00154   0.30536   0.00701   0.01495   0.00769   0.01219   0.02502   1.55329   0.61008   0.00000  
 30  0.0332   4387.078980  x:  0.01129   0.03960   0.01273   0.03012   0.00627   0.03327   0.00133   0.00215   0.30638   0.00675   0.01501   0.00756   0.01170   0.02488   1.56028   0.60965   0.00000  
 31  0.0176   4387.028329  x:  0.01140   0.03801   0.01285   0.02925   0.00652   0.03343   0.00160   0.00240   0.30703   0.00687   0.01507   0.00752   0.01147   0.02499   1.56420   0.60915   0.00000  
 32  0.0081   4387.021477  x:  0.01146   0.03766   0.01292   0.02895   0.00667   0.03352   0.00147   0.00233   0.30709   0.00688   0.01508   0.00747   0.01132   0.02506   1.56304   0.60922   0.00000  
 33  0.0020   4387.020902  x:  0.01144   0.03787   0.01290   0.02901   0.00673   0.03349   0.00147   0.00234   0.30710   0.00690   0.01509   0.00746   0.01126   0.02504   1.56260   0.60923   0.00000  
 34  0.0005   4387.020871  x:  0.01144   0.03785   0.01290   0.02902   0.00675   0.03349   0.00147   0.00233   0.30710   0.00689   0.01509   0.00747   0.01129   0.02505   1.56277   0.60923   0.00000  
 35  0.0002   4387.020871  x:  0.01143   0.03785   0.01290   0.02901   0.00675   0.03349   0.00147   0.00233   0.30710   0.00689   0.01509   0.00747   0.01129   0.02505   1.56273   0.60923   0.00000  
 36  0.0000   4387.020871  x:  0.01143   0.03785   0.01290   0.02902   0.00675   0.03349   0.00147   0.00233   0.30710   0.00689   0.01509   0.00747   0.01129   0.02505   1.56274   0.60923   0.00000  
 37  0.0000   4387.020871  x:  0.01143   0.03785   0.01290   0.02902   0.00675   0.03349   0.00147   0.00233   0.30710   0.00689   0.01509   0.00747   0.01129   0.02505   1.56274   0.60923   0.00000  