

TREE # 1

  0  0.0000   3636.601143  x:  0.00000   0.05220   0.04682   0.01800   2.00000   0.86115   0.54492  
  1 99.0000   3636.599682  x:  0.00000   0.05220   0.04682   0.01800   2.00000   0.86115   0.54492  
  2 1051.3976   3629.404878  x:  0.00000   0.04554   0.01959   0.01708   1.98852   0.86073   0.53832  
  3 449.6421   3624.331894  x:  0.00000   0.06391   0.01159   0.01733   1.93786   0.85881   0.50928  
  4 209.9498   3618.410132  x:  0.00000   0.06413   0.01189   0.00367   1.89350   0.85694   0.48378  
  5 919.7898   3616.494328  x:  0.00000   0.06594   0.01227   0.00291   1.94620   0.45531   0.37272  
  6  7.9511   3616.428374  x:  0.00079   0.06600   0.01228   0.00288   1.94820   0.44023   0.36852  
  7 3635.0066   3614.360531  x:  0.00063   0.06832   0.01345   0.00241   2.14535   0.22129   0.00000  
  8 12.7844   3611.835912  x:  0.00000   0.07691   0.02105   0.00290   2.09734   0.37858   0.00000  
  9  0.4036   3611.835912  x:  0.00000   0.07691   0.02105   0.00290   2.09734   0.37858   0.00000  
 10  0.2787   3611.726011  x:  0.00036   0.07708   0.01996   0.00362   2.09737   0.37868   0.00000  
 11 162.2457   3611.567420  x:  0.00000   0.07735   0.01817   0.00364   2.09742   0.37886   0.00000  
 12 275.5844   3611.554100  x:  0.00000   0.07831   0.01849   0.00335   2.09767   0.37985   0.00000  
 13 16.7451   3611.532867  x:  0.00000   0.08009   0.01832   0.00362   2.09823   0.38201   0.00000  
 14 74.9513   3610.182605  x:  0.00000   0.07993   0.01843   0.00351   2.14418   0.55991   0.00000  
 15 29.4351   3609.637232  x:  0.00000   0.07953   0.01815   0.00339   2.75153   0.51368   0.00000  
 16  2.0667   3609.590971  x:  0.00000   0.07935   0.01761   0.00326   2.77488   0.54115   0.00000  
 17  0.0476   3609.590040  x:  0.00000   0.07927   0.01744   0.00323   2.78092   0.53944   0.00000  
 18  0.0068   3609.590040  x:  0.00001   0.07927   0.01744   0.00323   2.78095   0.53943   0.00000  
 19  3.0113   3609.590028  x:  0.00001   0.07927   0.01744   0.00323   2.78416   0.53946   0.00000  
 20  0.0022   3609.590028  x:  0.00001   0.07927   0.01744   0.00323   2.78416   0.53946   0.00000  
 21  0.0288   3609.590028  x:  0.00001   0.07927   0.01744   0.00323   2.78416   0.53946   0.00000  
 22  0.0061   3609.590028  x:  0.00001   0.07927   0.01744   0.00323   2.78416   0.53946   0.00000  
 23  0.0006   3609.590028  x:  0.00001   0.07927   0.01744   0.00323   2.78416   0.53946   0.00000  
check convergence!
