

TREE # 1

  0  0.0000   3903.950432  x:  0.00000   0.01039   0.10570   0.01800   2.00000   0.86115   0.54492  
  1 99.0000   3903.948881  x:  0.00000   0.01039   0.10570   0.01800   2.00000   0.86115   0.54492  
  2 1118.9570   3897.240472  x:  0.00000   0.00136   0.11648   0.01566   1.96989   0.86095   0.52453  
  3 247.3954   3891.501823  x:  0.00000   0.00299   0.12732   0.00376   1.94041   0.86058   0.50437  
  4 1666.0075   3891.422075  x:  0.00000   0.00274   0.12422   0.00319   1.93968   0.85953   0.50271  
  5 42.0088   3891.341726  x:  0.00120   0.00247   0.12077   0.00255   1.93892   0.85824   0.50077  
  6 508.4710   3885.318818  x:  0.00377   0.00139   0.12201   0.00000   2.14924   0.37880   0.10641  
  7 19.7716   3885.318818  x:  0.00377   0.00139   0.12201   0.00000   2.14924   0.37880   0.10641  
  8 38.9249   3885.113711  x:  0.00382   0.00236   0.12205   0.00006   2.14923   0.37886   0.10636  
  9 505.4931   3885.105031  x:  0.00377   0.00237   0.12214   0.00000   2.14921   0.37897   0.10626  
 10 52.3519   3884.103763  x:  0.00403   0.00230   0.14391   0.00026   2.14432   0.40918   0.08027  
 11 290.1382   3877.923127  x:  0.00405   0.00229   0.15071   0.00028   2.12969   0.50089   0.00000  
 12 234.4906   3877.923127  x:  0.00405   0.00229   0.15071   0.00028   2.12969   0.50089   0.00000  
 13  2.9756   3877.865194  x:  0.00377   0.00230   0.15030   0.00000   2.12967   0.50108   0.00000  
 14 141.1260   3876.705861  x:  0.00384   0.00393   0.13043   0.00008   2.12852   0.50984   0.00000  
 15 242.2879   3876.358799  x:  0.00393   0.00236   0.12506   0.00017   2.12817   0.51245   0.00000  
 16 937.1218   3869.365953  x:  0.00401   0.00225   0.13019   0.00025   2.09385   0.75561   0.00000  
 17 49.0788   3864.062125  x:  0.00402   0.00226   0.13011   0.00031   1.03539   0.79744   0.00000  
 18  7.5469   3863.988111  x:  0.00392   0.00225   0.13042   0.00030   1.01763   0.78352   0.00000  
 19  0.0880   3863.975934  x:  0.00386   0.00225   0.13138   0.00019   1.04373   0.78204   0.00000  
 20  0.0434   3863.972987  x:  0.00387   0.00226   0.13190   0.00007   1.03249   0.78301   0.00000  
 21  0.0190   3863.972978  x:  0.00394   0.00227   0.13189   0.00000   1.03239   0.78304   0.00000  
 22  0.0003   3863.972978  x:  0.00394   0.00227   0.13189   0.00000   1.03239   0.78304   0.00000  
 23  0.0225   3863.972977  x:  0.00394   0.00227   0.13188   0.00000   1.03231   0.78306   0.00000  
 24  0.0002   3863.972977  x:  0.00394   0.00227   0.13188   0.00000   1.03223   0.78309   0.00000  
 25  0.0001   3863.972977  x:  0.00394   0.00227   0.13188   0.00000   1.03223   0.78309   0.00000  
 26  0.0000   3863.972977  x:  0.00394   0.00227   0.13188   0.00000   1.03223   0.78309   0.00000  
 27  0.0000   3863.972977  x:  0.00394   0.00227   0.13188   0.00000   1.03223   0.78309   0.00000  
 28  0.0432   3863.972977  x:  0.00394   0.00227   0.13188   0.00000   1.03223   0.78309   0.00000  
 29  0.0212   3863.972977  x:  0.00394   0.00227   0.13188   0.00000   1.03223   0.78309   0.00000  
check convergence!
