

TREE # 1

  0  0.0000   2145.953461  x:  0.00000   0.01030   0.12350   0.01800   2.00000   0.86115   0.54492  
  1 99.0000   2145.952380  x:  0.00000   0.01030   0.12350   0.01800   2.00000   0.86115   0.54492  
  2 769.1548   2136.534101  x:  0.00000   0.00000   0.12656   0.00769   1.99997   0.86116   0.54453  
  3 6291273.9406   2133.006282  x:  0.00000   0.00000   0.12779   0.00000   1.99995   0.86115   0.54411  
  4 26078.4793   2131.739004  x:  0.00000   0.00000   0.13644   0.00000   1.41285   0.82897   0.51307  
  5  2.1732   2131.477941  x:  0.00000   0.00000   0.13953   0.00000   1.41344   0.93120   0.50339  
  6  0.9348   2130.012967  x:  0.00000   0.00000   0.16855   0.00000   1.71993   0.82131   0.46022  
  7  1.2738   2126.483545  x:  0.00000   0.00000   0.20307   0.00000   0.85847   0.70516   0.06044  
  8  0.1420   2125.763872  x:  0.00000   0.00000   0.20783   0.00000   0.79830   0.69646   0.00000  
  9  1.7901   2124.026457  x:  0.00000   0.00000   0.18695   0.00000   0.93281   0.77773   0.00000  
 10  0.9714   2122.217463  x:  0.00000   0.00000   0.15920   0.00000   1.17956   0.70758   0.00000  
 11  0.6784   2121.754471  x:  0.00000   0.00000   0.17541   0.00000   1.37674   0.69685   0.00000  
 12  0.1077   2121.642854  x:  0.00000   0.00000   0.16881   0.00000   1.49790   0.70578   0.00000  
 13  0.0798   2121.640595  x:  0.00000   0.00000   0.16999   0.00000   1.51333   0.70633   0.00000  
 14  0.0123   2121.640583  x:  0.00000   0.00000   0.16992   0.00000   1.51470   0.70644   0.00000  
 15  0.0013   2121.640583  x:  0.00000   0.00000   0.16992   0.00000   1.51473   0.70642   0.00000  
 16  0.0000   2121.640583  x:  0.00000   0.00000   0.16992   0.00000   1.51473   0.70642   0.00000  