

TREE # 1

  0  0.0000   2776.100509  x:  0.00000   0.01483   0.06086   0.02152   0.07414   0.09057   0.03596   0.04759   2.00000   0.85288   0.19289  
  1 99.0000   2776.098247  x:  0.00000   0.01483   0.06086   0.02152   0.07414   0.09057   0.03596   0.04759   2.00000   0.85288   0.19289  
  2 1179.6952   2742.806877  x:  0.00000   0.00000   0.04650   0.01234   0.06247   0.08872   0.02410   0.03294   2.00031   0.85162   0.19491  
  3 151194.5268   2709.037181  x:  0.00000   0.00000   0.01556   0.02096   0.03872   0.08625   0.00937   0.00000   2.00010   0.85041   0.19445  
  4 3137.6950   2709.037181  x:  0.00000   0.00000   0.01556   0.02096   0.03872   0.08625   0.00937   0.00000   2.00010   0.85041   0.19445  
  5 3034.3610   2704.599173  x:  0.00093   0.00000   0.01556   0.02095   0.03871   0.08625   0.00937   0.00093   2.00010   0.85041   0.19445  
  6 168140.2251   2695.274768  x:  0.00093   0.00000   0.00240   0.01035   0.02823   0.08440   0.00581   0.00093   2.00006   0.84936   0.19424  
  7 629.3889   2693.433801  x:  0.00093   0.00000   0.00393   0.00512   0.02125   0.08306   0.00738   0.00093   2.00002   0.84856   0.19410  
  8 537.5542   2692.545707  x:  0.00093   0.00000   0.00385   0.00730   0.01421   0.08142   0.00812   0.00093   1.99998   0.84744   0.19389  
  9 336.5556   2692.479159  x:  0.00093   0.00000   0.00430   0.00734   0.01395   0.08005   0.00698   0.00093   1.99993   0.84631   0.19369  
 10 63.8675   2692.207496  x:  0.00093   0.00000   0.00408   0.00742   0.01459   0.07165   0.00760   0.00093   1.99963   0.83870   0.19232  
 11 116.4392   2689.313555  x:  0.00093   0.00000   0.00428   0.00743   0.01522   0.08028   0.00778   0.00093   1.98967   0.60056   0.14424  
 12 51.5472   2687.145436  x:  0.00093   0.00000   0.00442   0.00747   0.01560   0.08016   0.00785   0.00093   1.98292   0.55936   0.00000  
 13 17.3949   2686.817779  x:  0.00093   0.00000   0.00351   0.00714   0.01422   0.07644   0.00737   0.00093   1.69392   0.59454   0.00000  
 14  0.4126   2686.681383  x:  0.00093   0.00000   0.00347   0.00751   0.01430   0.07494   0.00725   0.00093   1.78148   0.63459   0.00000  
 15  0.2372   2686.655335  x:  0.00093   0.00000   0.00375   0.00786   0.01486   0.07530   0.00737   0.00093   1.71719   0.64193   0.00000  
 16  0.1910   2686.645288  x:  0.00093   0.00000   0.00369   0.00770   0.01488   0.07694   0.00743   0.00093   1.71638   0.64519   0.00000  
 17  0.0034   2686.645195  x:  0.00093   0.00000   0.00371   0.00767   0.01486   0.07695   0.00743   0.00093   1.71506   0.64475   0.00000  
 18  0.0015   2686.645191  x:  0.00093   0.00000   0.00371   0.00767   0.01487   0.07694   0.00743   0.00093   1.71476   0.64484   0.00000  
 19  0.0003   2686.645191  x:  0.00094   0.00000   0.00371   0.00767   0.01487   0.07694   0.00743   0.00093   1.71494   0.64484   0.00000  
 20  0.0001   2686.645189  x:  0.00095   0.00000   0.00371   0.00767   0.01487   0.07694   0.00743   0.00091   1.71498   0.64483   0.00000  
 21  0.0000   2686.645177  x:  0.00115   0.00000   0.00371   0.00767   0.01487   0.07693   0.00744   0.00070   1.71507   0.64482   0.00000  
 22  0.0002   2686.645175  x:  0.00123   0.00000   0.00371   0.00767   0.01487   0.07694   0.00743   0.00062   1.71486   0.64483   0.00000  
 23  0.0001   2686.645175  x:  0.00141   0.00000   0.00371   0.00767   0.01487   0.07694   0.00743   0.00044   1.71486   0.64485   0.00000  
 24  0.0001   2686.645175  x:  0.00142   0.00000   0.00371   0.00767   0.01487   0.07694   0.00743   0.00044   1.71486   0.64485   0.00000  
 25  0.0001   2686.645175  x:  0.00142   0.00000   0.00371   0.00767   0.01487   0.07694   0.00743   0.00044   1.71486   0.64485   0.00000  
 26  0.0013   2686.645175  x:  0.00142   0.00000   0.00371   0.00767   0.01487   0.07694   0.00743   0.00044   1.71486   0.64485   0.00000  
 27  1.0338   2686.645175  x:  0.00142   0.00000   0.00371   0.00767   0.01487   0.07694   0.00743   0.00044   1.71486   0.64485   0.00000  
 28  0.2500   2686.645175  x:  0.00142   0.00000   0.00371   0.00767   0.01487   0.07694   0.00743   0.00044   1.71486   0.64485   0.00000  
 29  0.0729   2686.645175  x:  0.00142   0.00000   0.00371   0.00767   0.01487   0.07694   0.00743   0.00044   1.71486   0.64485   0.00000  
 30  0.0193   2686.645175  x:  0.00142   0.00000   0.00371   0.00767   0.01487   0.07694   0.00743   0.00044   1.71486   0.64485   0.00000  
 31  0.0041   2686.645175  x:  0.00142   0.00000   0.00371   0.00767   0.01487   0.07694   0.00743   0.00044   1.71486   0.64485   0.00000  
 32  0.0023   2686.645175  x:  0.00142   0.00000   0.00371   0.00767   0.01487   0.07694   0.00743   0.00044   1.71486   0.64485   0.00000  
 33  0.0071   2686.645175  x:  0.00142   0.00000   0.00371   0.00767   0.01487   0.07694   0.00743   0.00044   1.71486   0.64485   0.00000  
check convergence!
