

TREE # 1

  0  0.0000    455.076278  x:  0.03405   0.04512   0.05341   0.03211   0.02037   0.01853   2.00000   0.65480   0.33797  
  1 99.0000    454.752039  x:  0.03609   0.04716   0.05107   0.04886   0.02579   0.01934   2.00086   0.65465   0.33659  
  2 40.7943    454.714411  x:  0.03641   0.04748   0.04903   0.05065   0.02513   0.01413   2.00193   0.65444   0.33482  
  3 12.3197    454.689103  x:  0.03645   0.04753   0.04653   0.04959   0.03025   0.01093   2.00479   0.65390   0.33013  
  4  8.0302    454.579621  x:  0.03567   0.04674   0.06445   0.05051   0.04013   0.00000   2.04486   0.64650   0.26449  
  5  7.1674    454.579621  x:  0.03567   0.04674   0.06445   0.05051   0.04013   0.00000   2.04486   0.64650   0.26449  
  6 51.2326    454.465314  x:  0.03495   0.04602   0.05603   0.05263   0.03970   0.00890   2.04614   0.64635   0.26212  
  7 18.8219    454.377282  x:  0.03547   0.04654   0.04615   0.05258   0.03201   0.01068   2.04814   0.64610   0.25838  
  8 22.2441    454.344442  x:  0.03775   0.04882   0.04731   0.05000   0.02675   0.01533   2.05148   0.64566   0.25225  
  9  7.8018    454.259827  x:  0.03215   0.04322   0.04951   0.04649   0.02286   0.01751   2.07033   0.64305   0.21727  
 10  7.1702    453.396730  x:  0.03278   0.04385   0.05150   0.04859   0.02360   0.01668   2.18722   0.62690   0.00000  
 11 62.2503    453.034950  x:  0.03664   0.04771   0.05119   0.03682   0.03430   0.01312   2.54363   0.56564   0.00000  
 12 439.6742    452.725978  x:  0.03776   0.04884   0.05914   0.04962   0.03320   0.01127   2.86851   0.46010   0.00000  
 13 71.7918    452.514149  x:  0.03892   0.04999   0.04298   0.05035   0.03251   0.01002   3.21248   0.43806   0.00000  
 14  0.2216    452.049742  x:  0.03896   0.05003   0.05873   0.04899   0.03468   0.01302   4.73869   0.43838   0.00000  
 15  0.2136    451.852514  x:  0.03818   0.04926   0.04856   0.05065   0.03264   0.00863   5.17454   0.52202   0.00000  
 16  0.2369    451.841403  x:  0.03836   0.04944   0.05082   0.05245   0.03297   0.00921   5.38215   0.53267   0.00000  
 17  0.1368    451.839984  x:  0.03845   0.04953   0.05057   0.05305   0.03312   0.00864   5.48362   0.52613   0.00000  
 18  0.0664    451.839762  x:  0.03837   0.04946   0.05033   0.05279   0.03302   0.00893   5.52299   0.52604   0.00000  
 19  0.0259    451.839739  x:  0.03840   0.04949   0.05042   0.05267   0.03307   0.00886   5.53000   0.52600   0.00000  
 20  0.0057    451.839738  x:  0.03840   0.04949   0.05043   0.05267   0.03305   0.00886   5.52987   0.52594   0.00000  
 21  0.0002    451.839738  x:  0.03840   0.04949   0.05043   0.05267   0.03305   0.00886   5.52988   0.52594   0.00000  
 22  0.0000    451.839738  x:  0.03840   0.04949   0.05043   0.05267   0.03305   0.00886   5.52987   0.52594   0.00000  
 23  0.0000    451.839738  x:  0.03840   0.04949   0.05043   0.05267   0.03305   0.00886   5.52987   0.52594   0.00000  
 24  0.0000    451.839738  x:  0.03840   0.04949   0.05043   0.05267   0.03305   0.00886   5.52987   0.52594   0.00000  
 25  0.0000    451.839738  x:  0.03840   0.04949   0.05043   0.05267   0.03305   0.00886   5.52987   0.52594   0.00000  
 26  0.0000    451.839738  x:  0.03840   0.04949   0.05043   0.05267   0.03305   0.00886   5.52987   0.52594   0.00000  
check convergence!
