

TREE # 1

  0  0.0000   1280.763731  x:  0.00000   0.02245   0.06644   0.01800   2.00000   0.86115   0.54492  
  1 99.0000   1280.763533  x:  0.00000   0.02245   0.06644   0.01800   2.00000   0.86115   0.54492  
  2 170.7617   1280.584408  x:  0.00000   0.02214   0.05473   0.01901   1.99912   0.86261   0.54043  
  3 27.6770   1280.171957  x:  0.00000   0.03700   0.05306   0.01712   1.98169   0.89195   0.45107  
  4 11.9478   1277.376462  x:  0.00000   0.03960   0.05158   0.00894   1.92534   0.98709   0.16171  
  5 483.1612   1276.489726  x:  0.00000   0.04025   0.05117   0.00547   1.89759   0.94915   0.03811  
  6 26.3331   1276.189994  x:  0.00000   0.03885   0.05111   0.00310   1.79886   0.92969   0.04254  
  7  1.2013   1275.762489  x:  0.00557   0.03703   0.05104   0.00000   1.66981   0.90425   0.04831  
  8 3208.5373   1275.762489  x:  0.00557   0.03703   0.05104   0.00000   1.66981   0.90425   0.04831  
  9  0.2755   1275.245538  x:  0.00641   0.02322   0.05241   0.00036   1.66971   0.90398   0.04693  
 10 64.3625   1275.231190  x:  0.00607   0.02289   0.05246   0.00000   1.66970   0.90396   0.04681  
 11 45.8301   1275.104808  x:  0.00608   0.02318   0.05755   0.00000   1.66732   0.89888   0.01225  
 12  6.8133   1275.050170  x:  0.00607   0.02299   0.05434   0.00000   1.66631   0.89539   0.00000  
 13 37.4049   1275.050170  x:  0.00607   0.02299   0.05434   0.00000   1.66631   0.89539   0.00000  
 14 11.6474   1275.044035  x:  0.00545   0.02293   0.05404   0.00000   1.66627   0.89504   0.00006  
 15 15.0737   1275.020264  x:  0.00567   0.02232   0.05075   0.00000   1.66590   0.89085   0.00072  
 16 12.7454   1274.993930  x:  0.00568   0.02459   0.05115   0.00000   1.66505   0.88215   0.00110  
 17 11.7984   1274.960540  x:  0.00573   0.02289   0.05373   0.00000   1.66377   0.87019   0.00063  
 18 31.2460   1274.957575  x:  0.00573   0.02289   0.05372   0.00000   1.66365   0.86966   0.00000  
 19  6.2041   1274.922399  x:  0.00575   0.02299   0.05348   0.00000   1.53271   0.85433   0.00000  
 20  0.5260   1274.855120  x:  0.00575   0.02321   0.05302   0.00000   1.26299   0.87212   0.00000  
 21  1.2144   1274.852542  x:  0.00576   0.02320   0.05317   0.00000   1.28067   0.87633   0.00000  
 22  0.0248   1274.852542  x:  0.00576   0.02320   0.05317   0.00001   1.28066   0.87632   0.00000  
 23  0.3985   1274.852521  x:  0.00577   0.02319   0.05328   0.00000   1.27922   0.87636   0.00000  
 24  0.0014   1274.852520  x:  0.00577   0.02319   0.05328   0.00000   1.27947   0.87634   0.00000  
 25  0.0003   1274.852520  x:  0.00577   0.02319   0.05328   0.00000   1.27947   0.87634   0.00000  