

TREE # 1

  0  0.0000   2781.021918  x:  0.00000   0.01395   0.02623   0.01800   2.00000   0.86115   0.54492  
  1 99.0000   2781.020623  x:  0.00000   0.01395   0.02623   0.01800   2.00000   0.86115   0.54492  
  2 555.1821   2775.458001  x:  0.00000   0.01507   0.00718   0.02322   2.00004   0.86108   0.54483  
  3 1066.2562   2775.453245  x:  0.00000   0.01457   0.00717   0.02337   2.00007   0.86104   0.54478  
  4 17.7107   2772.788978  x:  0.00000   0.01380   0.00527   0.01529   2.30728   0.37392   0.00000  
  5  2.4269   2772.360031  x:  0.00000   0.01342   0.00680   0.01385   2.60056   0.09315   0.00000  
  6  2.6085   2771.922842  x:  0.00000   0.01287   0.00789   0.01208   3.14009   0.29953   0.00000  
  7  1.5661   2771.913730  x:  0.00067   0.01283   0.00796   0.01196   3.17688   0.31359   0.00000  
  8 1662.6514   2771.595953  x:  0.00000   0.01261   0.00648   0.01285   3.69627   0.22249   0.00000  
  9  1.1055   2771.537943  x:  0.00000   0.01264   0.00607   0.01197   4.10648   0.23523   0.00000  
 10  0.4435   2771.519644  x:  0.00109   0.01265   0.00589   0.01159   4.28150   0.24066   0.00000  
 11 5561.5943   2771.506004  x:  0.00132   0.01262   0.00631   0.01136   4.47183   0.22307   0.00000  
 12  0.1562   2771.505589  x:  0.00134   0.01264   0.00626   0.01129   4.51651   0.22002   0.00000  
 13  0.0358   2771.505587  x:  0.00135   0.01263   0.00626   0.01129   4.51826   0.22025   0.00000  
 14  0.0020   2771.505587  x:  0.00135   0.01263   0.00626   0.01129   4.51868   0.22034   0.00000  
 15  0.0005   2771.505587  x:  0.00135   0.01263   0.00626   0.01129   4.51869   0.22034   0.00000  
 16  0.0000   2771.505587  x:  0.00135   0.01263   0.00626   0.01129   4.51869   0.22034   0.00000  