

TREE # 1

  0  0.0000   2891.705174  x:  0.09668   0.18833   0.25348   0.11468   2.00000   0.86115   0.54492  
  1 99.0000   2890.552613  x:  0.11130   0.21153   0.26991   0.12930   2.00365   0.85469   0.49920  
  2 41.7570   2879.709875  x:  0.08659   0.26027   0.32589   0.10458   2.03202   0.79001   0.13442  
  3 116.9694   2878.658575  x:  0.08857   0.25958   0.32841   0.10657   2.03599   0.77163   0.08339  
  4 433.8392   2878.016623  x:  0.08027   0.27513   0.34291   0.09827   2.04246   0.72694   0.05870  
  5 41.8537   2877.872814  x:  0.08119   0.26397   0.35996   0.09919   2.07012   0.72385   0.05769  
  6  4.4032   2874.576204  x:  0.08931   0.26330   0.32655   0.10731   2.94232   0.66088   0.03138  
  7 17.4635   2867.185952  x:  0.10882   0.22487   0.29740   0.12681   2.46358   0.58354   0.00000  
  8  1.0976   2866.324875  x:  0.11120   0.21033   0.28954   0.12918   2.17126   0.55526   0.00000  
  9  0.4174   2866.301269  x:  0.10885   0.20748   0.28596   0.12683   2.17832   0.55721   0.00000  
 10  0.0062   2866.299269  x:  0.10818   0.20827   0.28695   0.12616   2.17551   0.55649   0.00000  
 11  0.0039   2866.299237  x:  0.10817   0.20830   0.28692   0.12615   2.17365   0.55670   0.00000  
 12  0.0035   2866.299237  x:  0.10818   0.20831   0.28692   0.12616   2.17375   0.55671   0.00000  
 13  0.0001   2866.299237  x:  0.10818   0.20831   0.28692   0.12616   2.17375   0.55671   0.00000  
 14  0.0000   2866.299237  x:  0.10818   0.20831   0.28692   0.12616   2.17375   0.55671   0.00000  