

TREE # 1

  0  0.0000    854.337103  x:  0.02893   0.03441   0.07416   0.01687   0.00000   0.14367   0.19542   0.07652   2.00000   0.85288   0.19289  
  1 99.0000    853.244825  x:  0.02902   0.03497   0.07436   0.01724   0.00853   0.14392   0.19573   0.07661   2.00005   0.85310   0.19241  
  2 601.9619    852.143607  x:  0.02979   0.05087   0.07800   0.00505   0.00954   0.15006   0.20577   0.07739   2.00134   0.85927   0.17855  
  3 67.0320    850.611403  x:  0.02904   0.08669   0.08805   0.01962   0.00797   0.16831   0.23710   0.07663   2.00570   0.87955   0.13176  
  4 133.1704    849.231274  x:  0.02210   0.07414   0.08303   0.01654   0.00841   0.17701   0.26098   0.06969   2.01103   0.89834   0.07530  
  5 66.6977    849.124577  x:  0.02975   0.07027   0.08372   0.01656   0.00831   0.17728   0.26834   0.07734   2.01391   0.89280   0.06838  
  6 15.6179    849.008449  x:  0.02705   0.06666   0.08698   0.01596   0.00848   0.17914   0.28623   0.07464   2.02328   0.87068   0.06302  
  7 11.3626    848.977426  x:  0.02668   0.07037   0.08109   0.01653   0.00848   0.17608   0.28328   0.07427   2.03589   0.86247   0.05758  
  8  4.0617    848.927004  x:  0.02626   0.07103   0.08769   0.01648   0.00838   0.17686   0.27336   0.07385   2.06914   0.85399   0.05013  
  9  6.8282    848.641995  x:  0.02825   0.06671   0.07880   0.01590   0.00827   0.20262   0.26426   0.07585   2.30162   0.84674   0.05394  
 10 12.7203    848.118142  x:  0.02854   0.06330   0.08535   0.01467   0.00843   0.16861   0.27376   0.07613   2.72789   0.85501   0.06538  
 11 54.8931    847.982186  x:  0.02848   0.05171   0.08203   0.01067   0.00890   0.17099   0.26757   0.07606   2.77744   0.84860   0.05875  
 12  0.0542    847.970415  x:  0.02869   0.05392   0.08142   0.00991   0.00908   0.16974   0.26281   0.07627   2.77871   0.84245   0.05746  
 13  0.0085    847.968242  x:  0.02836   0.05470   0.08134   0.00947   0.00929   0.17004   0.26545   0.07594   2.77726   0.84157   0.05628  
 14  0.0026    847.966670  x:  0.02865   0.05460   0.08236   0.00941   0.00974   0.17046   0.26550   0.07623   2.77599   0.84200   0.05673  
 15  0.0005    847.966054  x:  0.02846   0.05449   0.08161   0.00936   0.00998   0.17021   0.26521   0.07605   2.77838   0.84228   0.05677  
 16  0.0018    847.966047  x:  0.02842   0.05451   0.08165   0.00938   0.00999   0.17026   0.26521   0.07600   2.77820   0.84217   0.05674  
 17  0.0002    847.966046  x:  0.02842   0.05450   0.08166   0.00937   0.00999   0.17025   0.26521   0.07600   2.77828   0.84213   0.05673  
 18  0.0001    847.966046  x:  0.02842   0.05450   0.08166   0.00938   0.00999   0.17025   0.26521   0.07601   2.77829   0.84213   0.05672  
 19  0.0000    847.966046  x:  0.02842   0.05450   0.08166   0.00938   0.00999   0.17025   0.26521   0.07601   2.77829   0.84213   0.05672  
 20  0.0000    847.966046  x:  0.02842   0.05450   0.08166   0.00938   0.00999   0.17025   0.26521   0.07601   2.77830   0.84213   0.05672  