

TREE # 1

  0  0.0000   2158.364649  x:  0.06737   0.00232   0.00000   0.08537   2.00000   0.86115   0.54492  
  1 99.0000   2158.364297  x:  0.06737   0.00232   0.00000   0.08537   2.00000   0.86115   0.54492  
  2 438.4516   2158.347660  x:  0.06843   0.00201   0.00000   0.08641   2.00018   0.86070   0.54554  
  3 36.1701   2158.332066  x:  0.06979   0.00225   0.00000   0.08777   1.99988   0.86001   0.54529  
  4 44.0997   2157.859969  x:  0.07062   0.00231   0.00000   0.08606   1.95562   0.64194   0.56441  
  5  5.7086   2157.673057  x:  0.09968   0.00234   0.00000   0.05829   2.27220   0.49916   0.41468  
  6  0.8812   2157.562371  x:  0.15840   0.00231   0.00000   0.00000   2.38123   0.50771   0.36226  
  7  0.2138   2157.531608  x:  0.00000   0.00223   0.00000   0.15846   2.41874   0.52879   0.34911  
  8  0.8110   2157.531608  x:  0.00000   0.00223   0.00000   0.15846   2.41874   0.52879   0.34911  
  9  0.2345   2157.529479  x:  0.00002   0.00209   0.00000   0.15850   2.41859   0.52886   0.34870  
 10  8.7747   2155.338685  x:  0.01760   0.00203   0.00000   0.19224   2.29234   0.58890   0.00000  
 11 96.2576   2155.143396  x:  0.01018   0.00204   0.00000   0.19835   2.18738   0.63788   0.00000  
 12 46.4569   2154.644208  x:  0.00000   0.00209   0.00000   0.20897   2.02046   0.64006   0.00000  
 13 17.2416   2152.688885  x:  0.00000   0.00140   0.00000   0.16338   1.87882   0.64221   0.00000  
 14 89.9211   2151.722584  x:  0.00000   0.00136   0.00000   0.16574   1.30711   0.64224   0.00000  
 15  1.9725   2151.557942  x:  0.00000   0.00237   0.00000   0.16439   1.33174   0.62010   0.00000  
 16  0.0526   2151.555709  x:  0.00147   0.00238   0.00000   0.16438   1.33199   0.61988   0.00000  
 17  3.1371   2151.549710  x:  0.00131   0.00229   0.00000   0.16439   1.34292   0.61085   0.00000  
 18  0.0120   2151.549580  x:  0.00131   0.00227   0.00000   0.16442   1.33816   0.61118   0.00000  
 19  0.0049   2151.549551  x:  0.00130   0.00226   0.00000   0.16443   1.33963   0.61139   0.00000  
 20  0.0015   2151.549551  x:  0.00130   0.00226   0.00000   0.16443   1.33963   0.61139   0.00000  
 21  0.0000   2151.549551  x:  0.00130   0.00226   0.00000   0.16443   1.33963   0.61139   0.00000  
 22  0.0000   2151.549551  x:  0.00130   0.00226   0.00000   0.16443   1.33963   0.61139   0.00000  
 23  0.0001   2151.549551  x:  0.00130   0.00226   0.00000   0.16443   1.33963   0.61139   0.00000  
check convergence!
