

TREE # 1

  0  0.0000    748.326263  x:  0.00000   0.00567   0.01709   0.01731   2.00000   0.86115   0.54492  
  1 99.0000    748.325745  x:  0.00006   0.00582   0.01725   0.01736   2.00001   0.86118   0.54487  
  2  4.3240    748.325526  x:  0.00007   0.00575   0.01742   0.01738   2.00002   0.86122   0.54479  
  3  2.7608    748.325324  x:  0.00000   0.00577   0.01746   0.01731   2.00004   0.86135   0.54455  
  4  1.4034    748.210271  x:  0.00006   0.00577   0.01748   0.01736   2.01914   0.94774   0.38734  
  5  7.4261    748.206684  x:  0.00010   0.00577   0.01745   0.01736   2.02568   0.99999   0.41238  
  6  0.0652    748.206684  x:  0.00010   0.00577   0.01745   0.01736   2.02568   0.99999   0.41238  
  7  0.0437    748.206563  x:  0.00000   0.00577   0.01745   0.01746   2.02581   0.99999   0.41426  
  8  5.1372    748.206405  x:  0.00133   0.00577   0.01744   0.01614   2.02788   0.99999   0.42010  
  9  0.0061    748.206391  x:  0.00839   0.00578   0.01745   0.00908   2.03521   0.99999   0.41998  
 10  0.0021    748.206388  x:  0.01036   0.00577   0.01744   0.00711   2.03733   0.99999   0.42045  
 11  0.0027    748.206388  x:  0.01035   0.00577   0.01744   0.00712   2.03732   0.99999   0.42045  
 12  0.0000    748.206388  x:  0.01035   0.00577   0.01744   0.00712   2.03732   0.99999   0.42045  