

TREE # 1

  0  0.0000    843.812717  x:  0.00000   0.01488   0.04527   0.01800   2.00000   0.86115   0.54492  
  1 99.0000    843.812258  x:  0.00000   0.01488   0.04527   0.01800   2.00000   0.86115   0.54492  
  2 337.4497    837.762389  x:  0.00000   0.01608   0.03036   0.00000   1.99997   0.86109   0.54506  
  3 3065.1403    835.152121  x:  0.00000   0.00498   0.01293   0.00000   1.98632   0.86072   0.63641  
  4  3.8386    834.192662  x:  0.00000   0.00641   0.00434   0.00000   1.97021   0.85545   0.73973  
  5  3.3273    833.852884  x:  0.00000   0.00804   0.00583   0.00000   1.89749   0.74232   1.00000  
  6  1.1530    833.720538  x:  0.00000   0.01055   0.00427   0.00000   1.51123   0.77021   1.00000  
  7  0.3149    833.653440  x:  0.00000   0.01119   0.00522   0.00000   1.04280   0.80804   1.00000  
  8  0.3500    833.638905  x:  0.00000   0.01025   0.00499   0.00000   0.91754   0.76510   1.00000  
  9  0.0828    833.637239  x:  0.00000   0.00999   0.00498   0.00000   0.96901   0.75703   1.00000  
 10  0.0963    833.637237  x:  0.00000   0.00999   0.00499   0.00000   0.96889   0.75737   1.00000  
 11  0.0004    833.637237  x:  0.00000   0.00999   0.00499   0.00000   0.96888   0.75737   1.00000  