

TREE # 1

  0  0.0000   6171.736780  x:  0.00000   0.01488   0.05472   0.02473   0.06688   0.06694   0.04156   0.04759   2.00000   0.85288   0.19289  
  1 99.0000   6171.732173  x:  0.00000   0.01487   0.05472   0.02473   0.06688   0.06694   0.04156   0.04759   2.00000   0.85288   0.19289  
  2 2045.7064   6088.334980  x:  0.00000   0.03172   0.00000   0.02025   0.01316   0.02726   0.04138   0.04529   2.00357   0.85138   0.19703  
  3 2866.3816   6086.361351  x:  0.00000   0.03263   0.00065   0.02020   0.00951   0.02434   0.04136   0.04492   2.00384   0.85125   0.19733  
  4 1828.0605   6084.965752  x:  0.00000   0.03430   0.00062   0.02320   0.01121   0.01845   0.04215   0.04343   2.00493   0.85097   0.19874  
  5 420.3756   6083.857071  x:  0.00000   0.03859   0.00066   0.02253   0.01141   0.01902   0.04607   0.03286   2.01224   0.84914   0.20806  
  6 136.9103   6082.123697  x:  0.00000   0.03988   0.00059   0.02780   0.00977   0.02150   0.03953   0.02843   2.03556   0.84395   0.23771  
  7 180.7431   6077.476678  x:  0.00000   0.03654   0.00094   0.02231   0.01152   0.01879   0.02739   0.02262   2.09508   0.83103   0.31310  
  8 1518.6291   6058.651929  x:  0.00000   0.00683   0.00096   0.02071   0.00788   0.01409   0.02956   0.01763   2.28351   0.79157   0.55138  
  9 3221.2822   6053.430999  x:  0.00000   0.00449   0.00123   0.02185   0.01200   0.01830   0.03511   0.02604   2.56807   0.62260   0.43709  
 10 22.8366   6048.067566  x:  0.00000   0.00176   0.00140   0.02353   0.01320   0.02022   0.03242   0.02122   2.90559   0.74572   0.29298  
 11 40.0640   6040.148610  x:  0.00000   0.00249   0.00138   0.02505   0.01432   0.02184   0.03216   0.01933   3.41889   0.81266   0.03532  
 12 64.4837   6038.909141  x:  0.00000   0.00253   0.00137   0.02525   0.01445   0.02196   0.03256   0.01926   3.50032   0.80335   0.00000  
 13  4.3894   6038.158053  x:  0.00000   0.00339   0.00161   0.02601   0.01529   0.02243   0.03361   0.01587   3.36934   0.80848   0.00000  
 14  0.7907   6038.012704  x:  0.00317   0.00379   0.00172   0.02637   0.01569   0.02265   0.03411   0.01428   3.30779   0.81090   0.00000  
 15 1896.3591   6038.012704  x:  0.00317   0.00379   0.00172   0.02637   0.01569   0.02265   0.03411   0.01428   3.30779   0.81090   0.00000  
 16  0.2805   6034.980839  x:  0.01013   0.00490   0.00183   0.02649   0.01819   0.02621   0.03481   0.00852   3.40084   0.73151   0.00000  
 17  1.5765   6032.593845  x:  0.00448   0.00471   0.00164   0.02741   0.01463   0.01821   0.03334   0.01239   3.32183   0.71049   0.00000  
 18  0.0431   6031.953143  x:  0.00862   0.00510   0.00228   0.02791   0.01324   0.01965   0.03547   0.00876   3.43412   0.67183   0.00000  
 19  0.0407   6031.744462  x:  0.00785   0.00498   0.00271   0.02714   0.01288   0.01938   0.03234   0.00936   3.47708   0.66715   0.00000  
 20  0.0236   6031.598223  x:  0.00943   0.00471   0.00335   0.02670   0.01334   0.01910   0.03351   0.00765   3.55431   0.67422   0.00000  
 21  0.0322   6031.575512  x:  0.00960   0.00468   0.00351   0.02722   0.01294   0.01946   0.03304   0.00763   3.57619   0.67690   0.00000  
 22  0.0151   6031.574456  x:  0.00962   0.00470   0.00353   0.02715   0.01286   0.01938   0.03311   0.00759   3.57864   0.67798   0.00000  
 23  0.0018   6031.574162  x:  0.00968   0.00473   0.00353   0.02712   0.01288   0.01943   0.03310   0.00753   3.58017   0.67848   0.00000  
 24  0.0012   6031.574126  x:  0.00970   0.00474   0.00353   0.02714   0.01288   0.01942   0.03309   0.00751   3.58036   0.67833   0.00000  
 25  0.0002   6031.574124  x:  0.00972   0.00474   0.00353   0.02714   0.01288   0.01942   0.03309   0.00749   3.58075   0.67830   0.00000  
 26  0.0002   6031.574116  x:  0.00982   0.00474   0.00353   0.02714   0.01288   0.01942   0.03309   0.00739   3.58113   0.67826   0.00000  
 27  0.0001   6031.574056  x:  0.01111   0.00474   0.00355   0.02712   0.01288   0.01943   0.03307   0.00609   3.58319   0.67797   0.00000  
 28  0.0009   6031.573389  x:  0.01691   0.00474   0.00355   0.02712   0.01288   0.01943   0.03307   0.00029   3.58310   0.67796   0.00000  
 29  0.0010   6031.573356  x:  0.01720   0.00474   0.00355   0.02712   0.01288   0.01943   0.03307   0.00000   3.58309   0.67796   0.00000  
 30 11.0211   6031.573356  x:  0.01720   0.00474   0.00355   0.02712   0.01288   0.01943   0.03307   0.00000   3.58309   0.67796   0.00000  
 31  0.0327   6031.450865  x:  0.01723   0.00509   0.00458   0.02714   0.01291   0.01945   0.03309   0.00002   3.58309   0.67796   0.00000  
 32 241.2527   6031.447747  x:  0.01728   0.00499   0.00464   0.02717   0.01278   0.01962   0.03297   0.00007   3.58306   0.67796   0.00000  
 33 22.0031   6031.446530  x:  0.01728   0.00507   0.00463   0.02719   0.01271   0.01973   0.03288   0.00006   3.58304   0.67796   0.00000  
 34 22.2153   6031.446301  x:  0.01725   0.00506   0.00463   0.02719   0.01273   0.01975   0.03282   0.00003   3.58302   0.67796   0.00000  
 35  6.9153   6031.446170  x:  0.01726   0.00506   0.00463   0.02719   0.01276   0.01973   0.03276   0.00005   3.58297   0.67796   0.00000  
 36  4.2450   6031.446017  x:  0.01726   0.00506   0.00464   0.02718   0.01272   0.01969   0.03273   0.00004   3.58282   0.67795   0.00000  
 37  3.1157   6031.413113  x:  0.01694   0.00506   0.00468   0.02605   0.01263   0.01988   0.03267   0.00029   3.54482   0.67573   0.00000  
 38  9.5078   6031.133477  x:  0.01429   0.00516   0.00474   0.02730   0.01191   0.02016   0.03270   0.00231   3.22806   0.65751   0.00000  
 39 1474.9522   6030.969685  x:  0.01280   0.00519   0.00477   0.02727   0.01148   0.02035   0.03260   0.00341   3.04301   0.68373   0.00000  
 40 43.3720   6030.907511  x:  0.01647   0.00515   0.00468   0.02725   0.01180   0.02021   0.03264   0.00000   3.00729   0.68451   0.00000  
 41  0.1177   6030.907511  x:  0.01647   0.00515   0.00468   0.02725   0.01180   0.02021   0.03264   0.00000   3.00729   0.68451   0.00000  
 42 180.1330   6030.850740  x:  0.01697   0.00502   0.00482   0.02722   0.01247   0.02005   0.03264   0.00050   3.00728   0.68452   0.00000  
 43 116.1276   6030.844536  x:  0.01691   0.00511   0.00465   0.02718   0.01273   0.01990   0.03266   0.00044   3.00728   0.68452   0.00000  
 44 35.8018   6030.843687  x:  0.01688   0.00505   0.00467   0.02717   0.01277   0.01981   0.03269   0.00041   3.00728   0.68453   0.00000  
 45 16.3640   6030.843413  x:  0.01688   0.00507   0.00468   0.02716   0.01275   0.01974   0.03273   0.00041   3.00728   0.68453   0.00000  
 46  8.1909   6030.843370  x:  0.01689   0.00507   0.00466   0.02715   0.01274   0.01973   0.03274   0.00042   3.00727   0.68453   0.00000  
 47  3.7976   6030.843351  x:  0.01689   0.00507   0.00466   0.02715   0.01275   0.01974   0.03277   0.00042   3.00727   0.68455   0.00000  
 48  1.2688   6030.843268  x:  0.01689   0.00507   0.00466   0.02721   0.01275   0.01974   0.03278   0.00042   3.00704   0.68485   0.00000  
 49  0.5189   6030.842987  x:  0.01689   0.00506   0.00466   0.02715   0.01274   0.01974   0.03277   0.00042   3.00628   0.68591   0.00000  
 50 11.9751   6030.837397  x:  0.01683   0.00504   0.00463   0.02698   0.01275   0.01975   0.03303   0.00048   2.96176   0.68533   0.00000  
 51  0.3718   6030.835757  x:  0.01730   0.00505   0.00465   0.02703   0.01275   0.01975   0.03295   0.00000   2.95373   0.68569   0.00000  
 52  0.0173   6030.835757  x:  0.01730   0.00505   0.00465   0.02703   0.01275   0.01975   0.03295   0.00000   2.95372   0.68569   0.00000  
 53  0.1248   6030.835757  x:  0.01730   0.00505   0.00465   0.02703   0.01275   0.01975   0.03295   0.00000   2.95372   0.68569   0.00000  
 54 10.2027   6030.835757  x:  0.01729   0.00505   0.00465   0.02703   0.01275   0.01975   0.03295   0.00000   2.95370   0.68569   0.00000  
 55  0.2016   6030.834757  x:  0.01730   0.00507   0.00467   0.02715   0.01275   0.01974   0.03277   0.00000   2.95342   0.68627   0.00000  
 56  0.0015   6030.834756  x:  0.01730   0.00507   0.00467   0.02715   0.01275   0.01974   0.03277   0.00001   2.95342   0.68627   0.00000  
 57  0.2649   6030.834756  x:  0.01730   0.00507   0.00467   0.02715   0.01275   0.01974   0.03277   0.00001   2.95340   0.68627   0.00000  
 58  0.0000   6030.834756  x:  0.01730   0.00507   0.00467   0.02715   0.01275   0.01974   0.03277   0.00001   2.95340   0.68627   0.00000  
 59  0.0002   6030.834756  x:  0.01730   0.00507   0.00467   0.02715   0.01275   0.01974   0.03277   0.00001   2.95340   0.68627   0.00000  
 60  0.0012   6030.834756  x:  0.01730   0.00507   0.00467   0.02715   0.01275   0.01974   0.03277   0.00001   2.95340   0.68627   0.00000  